0.0	78.66616394963785
0.01	78.49631953494827
0.02	78.17466661152866
0.03	77.69074931047362
0.04	77.10058200509957
0.05	76.64064760097972
0.06	76.31219179613254
0.07	76.1521043503817
0.08	75.89635525058111
0.09	75.71855158879043
0.1	75.2739649145733
0.11	74.81249429037416
0.12	74.42723965639743
0.13	74.19582555253874
0.14	73.87092267579283
0.15	73.50315990357194
0.16	73.2505124519812
0.17	72.86404382425826
0.18	72.56351826142054
0.19	72.48525712068658
0.2	72.27163458417635
0.21	71.98537852976006
0.22	71.77636872506991
0.23	71.59936809242936
0.24	71.3286994600785
0.25	70.93362368090311
0.26	70.74872672377387
0.27	70.5796405710862
0.28	70.12950773639022
0.29	69.8332190225774
0.3	69.61729423477664
0.31	69.4901340683864
0.32	69.28182439139346
0.33	68.95692023454467
0.34	68.75133721908787
0.35000000000000003	68.45790481491713
0.36	68.24100686580641
0.37	67.88345100934384
0.38	67.61999588104663
0.39	67.35099678934785
0.4	67.16863086761441
0.41000000000000003	66.96312038542237
0.42	66.71598040265962
0.43	66.38940033235122
0.44	66.15434949810151
0.45	65.92444000556134
0.46	65.56011572363786
0.47000000000000003	65.2912195965182
0.48	64.96987712266855
0.49	64.6128156229388
0.5	64.32318157632835
0.51	63.94370329915546
0.52	63.689125559991226
0.53	63.44346261653118
0.54	63.23613182338886
0.55	63.01837675157003
0.56	62.74936956167221
0.5700000000000001	62.58252254304534
0.58	62.23555367709196
0.59	61.99686769572145
0.6	61.501928283207235
0.61	61.26800528059539
0.62	61.002745311081526
0.63	60.7175676816405
0.64	60.30237202795979
0.65	60.05953127787507
0.66	59.76575642162061
0.67	59.39643466111738
0.68	58.94753062102245
0.6900000000000001	58.72236463369336
0.7000000000000001	58.31867652467918
0.71	57.954204844660126
0.72	57.503038843977265
0.73	57.10433545417618
0.74	56.641440410516225
0.75	56.14869270694908
0.76	55.73440912517253
0.77	55.372224677936174
0.78	54.806313875480555
0.79	54.380047716840636
0.8	53.86609050963307
0.81	53.096771754848305
0.8200000000000001	52.34758869896177
0.8300000000000001	51.56933692062739
0.84	51.03078547643963
0.85	50.36121005297173
0.86	49.520584435085766
0.87	48.765253194927936
0.88	47.85643808398163
0.89	47.136700451315846
0.9	46.37633017072221
0.91	45.28541031367786
0.92	43.81203004949202
0.93	42.372070962170255
0.9400000000000001	40.69676327619527
0.9500000000000001	38.994202344460064
0.96	36.45351604477037
0.97	33.624758358317195
0.98	30.069444123262656
0.99	21.72820474128821
0.99001	21.708080719370628
0.9900199999999999	21.653723863099003
0.9900299999999999	21.590795924101258
0.9900399999999998	21.57122946079471
0.9900499999999998	21.57122946079471
0.9900599999999997	21.56869217279018
0.9900699999999997	21.56869217279018
0.9900799999999996	21.517408451909432
0.9900899999999996	21.497320956463227
0.9900999999999995	21.468535338441143
0.9901099999999995	21.468535338441143
0.9901199999999994	21.460809999058256
0.9901299999999994	21.440715289587388
0.9901399999999994	21.440715289587388
0.9901499999999993	21.440715289587388
0.9901599999999993	21.440715289587388
0.9901699999999992	21.440715289587388
0.9901799999999992	21.36215252886177
0.9901899999999991	21.3344728340453
0.9901999999999991	21.31229012730182
0.990209999999999	21.31229012730182
0.990219999999999	21.31229012730182
0.9902299999999989	21.295049207197735
0.9902399999999989	21.26795033729286
0.9902499999999989	21.225755324499914
0.9902599999999988	21.225755324499914
0.9902699999999988	21.225755324499914
0.9902799999999987	21.225755324499914
0.9902899999999987	21.201542280527065
0.9902999999999986	21.153497068124125
0.9903099999999986	21.15086024501943
0.9903199999999985	21.12874652762548
0.9903299999999985	21.12874652762548
0.9903399999999984	21.12874652762548
0.9903499999999984	21.12874652762548
0.9903599999999984	21.10436289329664
0.9903699999999983	21.08105671350495
0.9903799999999983	21.08105671350495
0.9903899999999982	21.08105671350495
0.9903999999999982	21.08105671350495
0.9904099999999981	21.057859900785843
0.9904199999999981	21.057859900785843
0.990429999999998	21.030583263753215
0.990439999999998	21.030583263753215
0.9904499999999979	21.030583263753215
0.9904599999999979	21.01101121623651
0.9904699999999979	20.995355165941874
0.9904799999999978	20.97422970031039
0.9904899999999978	20.97422970031039
0.9904999999999977	20.97422970031039
0.9905099999999977	20.97422970031039
0.9905199999999976	20.952869623346487
0.9905299999999976	20.919621008826653
0.9905399999999975	20.871777375607053
0.9905499999999975	20.867729942227015
0.9905599999999974	20.851866562763462
0.9905699999999974	20.851866562763462
0.9905799999999974	20.82796560684801
0.9905899999999973	20.804886425758014
0.9905999999999973	20.755560661578784
0.9906099999999972	20.679780893871794
0.9906199999999972	20.679780893871794
0.9906299999999971	20.652563986281166
0.9906399999999971	20.652563986281166
0.990649999999997	20.652563986281166
0.990659999999997	20.60713595050038
0.9906699999999969	20.586817362258444
0.9906799999999969	20.567040084773907
0.9906899999999969	20.567040084773907
0.9906999999999968	20.567040084773907
0.9907099999999968	20.567040084773907
0.9907199999999967	20.533963435242185
0.9907299999999967	20.48835050399066
0.9907399999999966	20.450479986990103
0.9907499999999966	20.450479986990103
0.9907599999999965	20.421416538680205
0.9907699999999965	20.40140766176046
0.9907799999999964	20.394637388555566
0.9907899999999964	20.34303631950752
0.9907999999999964	20.34303631950752
0.9908099999999963	20.294373433483997
0.9908199999999963	20.250993165565887
0.9908299999999962	20.250993165565887
0.9908399999999962	20.250993165565887
0.9908499999999961	20.250993165565887
0.9908599999999961	20.221944840071956
0.990869999999996	20.176779550878564
0.990879999999996	20.155260294122854
0.9908899999999959	20.155260294122854
0.9908999999999959	20.13292306420044
0.9909099999999958	20.084633739112178
0.9909199999999958	20.084633739112178
0.9909299999999958	20.084633739112178
0.9909399999999957	20.06643943247036
0.9909499999999957	20.06643943247036
0.9909599999999956	20.06643943247036
0.9909699999999956	20.042829933954636
0.9909799999999955	20.042829933954636
0.9909899999999955	20.042829933954636
0.9909999999999954	20.01724864487187
0.9910099999999954	20.00058812406496
0.9910199999999953	19.980767497239867
0.9910299999999953	19.925140041304985
0.9910399999999953	19.925140041304985
0.9910499999999952	19.925140041304985
0.9910599999999952	19.924289594317088
0.9910699999999951	19.924289594317088
0.9910799999999951	19.899920443916926
0.991089999999995	19.847989349538693
0.991099999999995	19.847989349538693
0.9911099999999949	19.821358065033564
0.9911199999999949	19.821358065033564
0.9911299999999948	19.821358065033564
0.9911399999999948	19.821358065033564
0.9911499999999948	19.775832005689153
0.9911599999999947	19.775832005689153
0.9911699999999947	19.775832005689153
0.9911799999999946	19.775832005689153
0.9911899999999946	19.75545575740398
0.9911999999999945	19.731499078596244
0.9912099999999945	19.72370061921538
0.9912199999999944	19.72370061921538
0.9912299999999944	19.72370061921538
0.9912399999999943	19.72370061921538
0.9912499999999943	19.72370061921538
0.9912599999999943	19.72370061921538
0.9912699999999942	19.72370061921538
0.9912799999999942	19.72370061921538
0.9912899999999941	19.6690728207177
0.9912999999999941	19.621020537713775
0.991309999999994	19.621020537713775
0.991319999999994	19.621020537713775
0.9913299999999939	19.621020537713775
0.9913399999999939	19.571112626144895
0.9913499999999938	19.571112626144895
0.9913599999999938	19.517289529467234
0.9913699999999938	19.517289529467234
0.9913799999999937	19.517289529467234
0.9913899999999937	19.490676077926764
0.9913999999999936	19.472420371050248
0.9914099999999936	19.472420371050248
0.9914199999999935	19.39067053506733
0.9914299999999935	19.372691872442374
0.9914399999999934	19.372691872442374
0.9914499999999934	19.351632662961492
0.9914599999999933	19.351632662961492
0.9914699999999933	19.351632662961492
0.9914799999999933	19.351632662961492
0.9914899999999932	19.351632662961492
0.9914999999999932	19.351632662961492
0.9915099999999931	19.351632662961492
0.9915199999999931	19.351632662961492
0.991529999999993	19.351632662961492
0.991539999999993	19.351632662961492
0.9915499999999929	19.335906254971633
0.9915599999999929	19.335906254971633
0.9915699999999928	19.31274464810849
0.9915799999999928	19.268480603495846
0.9915899999999928	19.25035498375655
0.9915999999999927	19.25035498375655
0.9916099999999927	19.25035498375655
0.9916199999999926	19.229040562087903
0.9916299999999926	19.202148388052592
0.9916399999999925	19.184109712863574
0.9916499999999925	19.184109712863574
0.9916599999999924	19.184109712863574
0.9916699999999924	19.184109712863574
0.9916799999999923	19.168984802352497
0.9916899999999923	19.168984802352497
0.9916999999999923	19.168984802352497
0.9917099999999922	19.143407298164675
0.9917199999999922	19.143407298164675
0.9917299999999921	19.1429286825296
0.9917399999999921	19.118310008459957
0.991749999999992	19.09369170878199
0.991759999999992	19.07399341117707
0.9917699999999919	19.07399341117707
0.9917799999999919	19.07399341117707
0.9917899999999918	19.049921931960853
0.9917999999999918	19.049921931960853
0.9918099999999918	19.029961545282276
0.9918199999999917	19.00990737255779
0.9918299999999917	18.988549232744845
0.9918399999999916	18.96071770254639
0.9918499999999916	18.941638160758885
0.9918599999999915	18.914880736061605
0.9918699999999915	18.888312071823748
0.9918799999999914	18.85156239409116
0.9918899999999914	18.85156239409116
0.9918999999999913	18.85156239409116
0.9919099999999913	18.824445911013754
0.9919199999999913	18.771134561189683
0.9919299999999912	18.739145965810167
0.9919399999999912	18.71537701555644
0.9919499999999911	18.71537701555644
0.9919599999999911	18.683780556108104
0.991969999999991	18.658910707832547
0.991979999999991	18.629396159463795
0.9919899999999909	18.629396159463795
0.9919999999999909	18.629396159463795
0.9920099999999908	18.629396159463795
0.9920199999999908	18.614365859219106
0.9920299999999908	18.614365859219106
0.9920399999999907	18.5980804565188
0.9920499999999907	18.5980804565188
0.9920599999999906	18.539969139063032
0.9920699999999906	18.513711629697355
0.9920799999999905	18.49021677885321
0.9920899999999905	18.47401916634408
0.9920999999999904	18.411771096551092
0.9921099999999904	18.411771096551092
0.9921199999999903	18.411771096551092
0.9921299999999903	18.381501205527456
0.9921399999999903	18.36059569034842
0.9921499999999902	18.343982873746427
0.9921599999999902	18.319971293472918
0.9921699999999901	18.293321728968294
0.9921799999999901	18.27301693733898
0.99218999999999	18.27301693733898
0.99219999999999	18.265184920543106
0.9922099999999899	18.265184920543106
0.9922199999999899	18.21488652777043
0.9922299999999898	18.21332920077839
0.9922399999999898	18.188537803624058
0.9922499999999898	18.188537803624058
0.9922599999999897	18.188537803624058
0.9922699999999897	18.161488524783636
0.9922799999999896	18.131828715238953
0.9922899999999896	18.131828715238953
0.9922999999999895	18.104007431451464
0.9923099999999895	18.088996747654164
0.9923199999999894	18.062267661240185
0.9923299999999894	18.03882709905156
0.9923399999999893	18.0142329876835
0.9923499999999893	18.003719430038473
0.9923599999999893	17.98559438585653
0.9923699999999892	17.945289376744768
0.9923799999999892	17.916415368759772
0.9923899999999891	17.916415368759772
0.9923999999999891	17.916415368759772
0.992409999999989	17.916415368759772
0.992419999999989	17.810600146272918
0.9924299999999889	17.810600146272918
0.9924399999999889	17.810600146272918
0.9924499999999888	17.808060007489985
0.9924599999999888	17.784357762284344
0.9924699999999888	17.784357762284344
0.9924799999999887	17.784357762284344
0.9924899999999887	17.740775773621863
0.9924999999999886	17.705847914650803
0.9925099999999886	17.705847914650803
0.9925199999999885	17.67864933735109
0.9925299999999885	17.67864933735109
0.9925399999999884	17.67864933735109
0.9925499999999884	17.658592715248233
0.9925599999999883	17.642315198638244
0.9925699999999883	17.642315198638244
0.9925799999999882	17.61526340150158
0.9925899999999882	17.537259646662278
0.9925999999999882	17.518984106340213
0.9926099999999881	17.518984106340213
0.9926199999999881	17.463049642712576
0.992629999999988	17.416386276454432
0.992639999999988	17.395326577097876
0.9926499999999879	17.355830112443073
0.9926599999999879	17.355830112443073
0.9926699999999878	17.355830112443073
0.9926799999999878	17.331060148746474
0.9926899999999877	17.300614204228623
0.9926999999999877	17.27383223545621
0.9927099999999877	17.27383223545621
0.9927199999999876	17.27383223545621
0.9927299999999876	17.227031428337796
0.9927399999999875	17.211470012523932
0.9927499999999875	17.211470012523932
0.9927599999999874	17.194807852589292
0.9927699999999874	17.174708017118974
0.9927799999999873	17.149507830821676
0.9927899999999873	17.088523807906313
0.9927999999999872	17.051944560342235
0.9928099999999872	17.005101692833705
0.9928199999999872	17.005101692833705
0.9928299999999871	16.90128675752203
0.9928399999999871	16.90128675752203
0.992849999999987	16.877703686215682
0.992859999999987	16.869813146971865
0.9928699999999869	16.84999252014677
0.9928799999999869	16.784177743800683
0.9928899999999868	16.784177743800683
0.9928999999999868	16.75762071736972
0.9929099999999867	16.686649423994822
0.9929199999999867	16.686649423994822
0.9929299999999867	16.669337901257677
0.9929399999999866	16.669337901257677
0.9929499999999866	16.669337901257677
0.9929599999999865	16.642585833527846
0.9929699999999865	16.620056320884032
0.9929799999999864	16.605168676906032
0.9929899999999864	16.605168676906032
0.9929999999999863	16.605168676906032
0.9930099999999863	16.605168676906032
0.9930199999999862	16.605168676906032
0.9930299999999862	16.588771293842
0.9930399999999862	16.56174764499883
0.9930499999999861	16.53444779009442
0.9930599999999861	16.53444779009442
0.993069999999986	16.532071316818474
0.993079999999986	16.509568654204486
0.9930899999999859	16.46692372506368
0.9930999999999859	16.439778706262587
0.9931099999999858	16.397711795027135
0.9931199999999858	16.353197900782106
0.9931299999999857	16.353197900782106
0.9931399999999857	16.333229547570227
0.9931499999999857	16.30950483327615
0.9931599999999856	16.30950483327615
0.9931699999999856	16.30950483327615
0.9931799999999855	16.27558660527575
0.9931899999999855	16.240594173053978
0.9931999999999854	16.211312579194782
0.9932099999999854	16.211312579194782
0.9932199999999853	16.187467618117807
0.9932299999999853	16.162812290916918
0.9932399999999852	16.136195976490853
0.9932499999999852	16.136195976490853
0.9932599999999852	16.085872723924695
0.9932699999999851	16.058904390054522
0.9932799999999851	16.058904390054522
0.993289999999985	16.056332924606977
0.993299999999985	16.056332924606977
0.9933099999999849	16.033776659023715
0.9933199999999849	16.00912931325729
0.9933299999999848	16.00912931325729
0.9933399999999848	16.00912931325729
0.9933499999999847	16.00912931325729
0.9933599999999847	16.00912931325729
0.9933699999999847	16.00912931325729
0.9933799999999846	15.961520572629524
0.9933899999999846	15.933808017027332
0.9933999999999845	15.899959757429315
0.9934099999999845	15.872510540735675
0.9934199999999844	15.872510540735675
0.9934299999999844	15.851347004499985
0.9934399999999843	15.851347004499985
0.9934499999999843	15.825085242715431
0.9934599999999842	15.825085242715431
0.9934699999999842	15.772443158057285
0.9934799999999842	15.74285827341373
0.9934899999999841	15.722897113737417
0.9934999999999841	15.704927062120987
0.993509999999984	15.637003700685455
0.993519999999984	15.637003700685455
0.9935299999999839	15.622200265963329
0.9935399999999839	15.594537267897977
0.9935499999999838	15.554533355374588
0.9935599999999838	15.459077325154794
0.9935699999999837	15.411418902192963
0.9935799999999837	15.37020933299209
0.9935899999999837	15.37020933299209
0.9935999999999836	15.354273334582103
0.9936099999999836	15.307507332850946
0.9936199999999835	15.307507332850946
0.9936299999999835	15.26578953905846
0.9936399999999834	15.26578953905846
0.9936499999999834	15.200553598318947
0.9936599999999833	15.173607536096824
0.9936699999999833	15.157291902665747
0.9936799999999832	15.130232852854533
0.9936899999999832	15.106975453876657
0.9936999999999832	15.106975453876657
0.9937099999999831	15.079985390388174
0.9937199999999831	15.079985390388174
0.993729999999983	15.052810004883213
0.993739999999983	15.052810004883213
0.9937499999999829	15.052810004883213
0.9937599999999829	15.026135030173464
0.9937699999999828	15.026135030173464
0.9937799999999828	14.949409204506082
0.9937899999999827	14.91835119316238
0.9937999999999827	14.89811630101758
0.9938099999999827	14.89811630101758
0.9938199999999826	14.877011153119383
0.9938299999999826	14.850126764940796
0.9938399999999825	14.830000831949292
0.9938499999999825	14.830000831949292
0.9938599999999824	14.830000831949292
0.9938699999999824	14.830000831949292
0.9938799999999823	14.830000831949292
0.9938899999999823	14.810180205124198
0.9938999999999822	14.793353988992749
0.9939099999999822	14.793353988992749
0.9939199999999822	14.758553152176319
0.9939299999999821	14.731278267892776
0.9939399999999821	14.65757064006175
0.993949999999982	14.634686362434877
0.993959999999982	14.57109656042303
0.9939699999999819	14.57109656042303
0.9939799999999819	14.57109656042303
0.9939899999999818	14.55589500485803
0.9939999999999818	14.540381283935858
0.9940099999999817	14.513433731597615
0.9940199999999817	14.490802315500332
0.9940299999999817	14.490802315500332
0.9940399999999816	14.470942228537751
0.9940499999999816	14.438669546943856
0.9940599999999815	14.438669546943856
0.9940699999999815	14.438669546943856
0.9940799999999814	14.417396617558552
0.9940899999999814	14.417396617558552
0.9940999999999813	14.417396617558552
0.9941099999999813	14.362350012612296
0.9941199999999812	14.362350012612296
0.9941299999999812	14.331374376983149
0.9941399999999811	14.276345118851168
0.9941499999999811	14.250667461630655
0.9941599999999811	14.16979095104034
0.994169999999981	14.123996065434767
0.994179999999981	14.123996065434767
0.9941899999999809	14.123996065434767
0.9941999999999809	14.100856834527804
0.9942099999999808	14.044978502643062
0.9942199999999808	14.02930736678536
0.9942299999999807	14.027775112277595
0.9942399999999807	14.00356319147977
0.9942499999999806	13.964279988518683
0.9942599999999806	13.964279988518683
0.9942699999999806	13.946193901560036
0.9942799999999805	13.908158632664708
0.9942899999999805	13.856509917153744
0.9942999999999804	13.856509917153744
0.9943099999999804	13.856509917153744
0.9943199999999803	13.840153005643515
0.9943299999999803	13.8120955589402
0.9943399999999802	13.8120955589402
0.9943499999999802	13.794125725253252
0.9943599999999801	13.76799497634056
0.9943699999999801	13.717887035309104
0.9943799999999801	13.693801979272394
0.99438999999998	13.693801979272394
0.99439999999998	13.693801979272394
0.9944099999999799	13.66693541847053
0.9944199999999799	13.608957198186545
0.9944299999999798	13.558037322683958
0.9944399999999798	13.528580155892996
0.9944499999999797	13.511714984400896
0.9944599999999797	13.487590315489797
0.9944699999999796	13.487590315489797
0.9944799999999796	13.437084781675367
0.9944899999999796	13.435916460788576
0.9944999999999795	13.373770711681573
0.9945099999999795	13.363473679608433
0.9945199999999794	13.363473679608433
0.9945299999999794	13.363473679608433
0.9945399999999793	13.339822865760652
0.9945499999999793	13.339822865760652
0.9945599999999792	13.339822865760652
0.9945699999999792	13.329647241829662
0.9945799999999791	13.327073230379028
0.9945899999999791	13.306845006503863
0.9945999999999791	13.296769327454967
0.994609999999979	13.296769327454967
0.994619999999979	13.249502661608858
0.9946299999999789	13.235091846407158
0.9946399999999789	13.235091846407158
0.9946499999999788	13.194868538499577
0.9946599999999788	13.194674777696491
0.9946699999999787	13.179208872737945
0.9946799999999787	13.179208872737945
0.9946899999999786	13.155384771423996
0.9946999999999786	13.155384771423996
0.9947099999999786	13.131968874382437
0.9947199999999785	13.131968874382437
0.9947299999999785	13.027669041315676
0.9947399999999784	12.97224368796742
0.9947499999999784	12.97224368796742
0.9947599999999783	12.929885411533178
0.9947699999999783	12.929885411533178
0.9947799999999782	12.929885411533178
0.9947899999999782	12.867705330150784
0.9947999999999781	12.840567575665773
0.9948099999999781	12.815067123519839
0.994819999999978	12.815067123519839
0.994829999999978	12.786045674132765
0.994839999999978	12.783518416705192
0.9948499999999779	12.783518416705192
0.9948599999999779	12.783518416705192
0.9948699999999778	12.764966597678722
0.9948799999999778	12.737766224789084
0.9948899999999777	12.710432553561986
0.9948999999999777	12.667568827528157
0.9949099999999776	12.63956844668428
0.9949199999999776	12.637028422454023
0.9949299999999776	12.557811041609966
0.9949399999999775	12.487408347558812
0.9949499999999775	12.487408347558812
0.9949599999999774	12.469178008046583
0.9949699999999774	12.469178008046583
0.9949799999999773	12.469178008046583
0.9949899999999773	12.469178008046583
0.9949999999999772	12.42184638803883
0.9950099999999772	12.42184638803883
0.9950199999999771	12.42184638803883
0.9950299999999771	12.394456425812677
0.995039999999977	12.31323876058741
0.995049999999977	12.256321884822682
0.995059999999977	12.205571632963256
0.9950699999999769	12.205571632963256
0.9950799999999769	12.205571632963256
0.9950899999999768	12.172419288326637
0.9950999999999768	12.172419288326637
0.9951099999999767	12.172419288326637
0.9951199999999767	12.121795813684002
0.9951299999999766	12.121795813684002
0.9951399999999766	12.121795813684002
0.9951499999999766	12.102816184182302
0.9951599999999765	12.102816184182302
0.9951699999999765	12.07965744579269
0.9951799999999764	12.059755359907285
0.9951899999999764	12.032833765391842
0.9951999999999763	12.017351446804241
0.9952099999999763	11.970351975542144
0.9952199999999762	11.927507022526697
0.9952299999999762	11.920764400289045
0.9952399999999761	11.897660749629722
0.9952499999999761	11.813131547198282
0.995259999999976	11.813131547198282
0.995269999999976	11.792330429554568
0.995279999999976	11.774009848610149
0.9952899999999759	11.774009848610149
0.9952999999999759	11.747196931988583
0.9953099999999758	11.747196931988583
0.9953199999999758	11.700024977923022
0.9953299999999757	11.648346568123088
0.9953399999999757	11.63098845690547
0.9953499999999756	11.602113973945961
0.9953599999999756	11.553728724495159
0.9953699999999756	11.52030253749399
0.9953799999999755	11.52030253749399
0.9953899999999755	11.464783046059893
0.9953999999999754	11.41886723555217
0.9954099999999754	11.395236057709553
0.9954199999999753	11.377129442538717
0.9954299999999753	11.377129442538717
0.9954399999999752	11.324268854703405
0.9954499999999752	11.324268854703405
0.9954599999999751	11.323885662553948
0.9954699999999751	11.323885662553948
0.995479999999975	11.255408741606516
0.995489999999975	11.207521403281135
0.995499999999975	11.17330996140663
0.9955099999999749	11.120579551978153
0.9955199999999749	11.120579551978153
0.9955299999999748	11.120579551978153
0.9955399999999748	11.120579551978153
0.9955499999999747	11.091937121076626
0.9955599999999747	11.053279236963135
0.9955699999999746	11.03409697402094
0.9955799999999746	11.03409697402094
0.9955899999999746	10.986384919917327
0.9955999999999745	10.97972356628452
0.9956099999999745	10.959864948948962
0.9956199999999744	10.921198026349884
0.9956299999999744	10.876932873463375
0.9956399999999743	10.876932873463375
0.9956499999999743	10.876715269871056
0.9956599999999742	10.876715269871056
0.9956699999999742	10.852845796383917
0.9956799999999741	10.825859391130507
0.9956899999999741	10.807726102648303
0.995699999999974	10.807726102648303
0.995709999999974	10.807726102648303
0.995719999999974	10.784071878297254
0.9957299999999739	10.784071878297254
0.9957399999999739	10.703411605907604
0.9957499999999738	10.703411605907604
0.9957599999999738	10.703411605907604
0.9957699999999737	10.649079703493044
0.9957799999999737	10.621895449934527
0.9957899999999736	10.621895449934527
0.9957999999999736	10.600447096861899
0.9958099999999735	10.571385775692761
0.9958199999999735	10.571385775692761
0.9958299999999735	10.545720816589892
0.9958399999999734	10.545720816589892
0.9958499999999734	10.474135429598391
0.9958599999999733	10.458005115389824
0.9958699999999733	10.458005115389824
0.9958799999999732	10.419088263064623
0.9958899999999732	10.398028563708067
0.9958999999999731	10.346635658293962
0.9959099999999731	10.33102816157043
0.995919999999973	10.312959829345345
0.995929999999973	10.312959829345345
0.995939999999973	10.26165547221899
0.9959499999999729	10.221188029274344
0.9959599999999729	10.197318268939853
0.9959699999999728	10.197318268939853
0.9959799999999728	10.148442439734936
0.9959899999999727	10.148442439734936
0.9959999999999727	10.148442439734936
0.9960099999999726	10.132600529119372
0.9960199999999726	10.132600529119372
0.9960299999999725	10.132600529119372
0.9960399999999725	10.105684898793697
0.9960499999999725	10.087633112445474
0.9960599999999724	10.079662466421723
0.9960699999999724	10.079662466421723
0.9960799999999723	10.063389327377081
0.9960899999999723	9.972977289929986
0.9960999999999722	9.909366395324469
0.9961099999999722	9.862205270677805
0.9961199999999721	9.816460123285651
0.9961299999999721	9.798484133556485
0.996139999999972	9.755654377862811
0.996149999999972	9.706953631713986
0.996159999999972	9.706953631713986
0.9961699999999719	9.656029364094138
0.9961799999999719	9.606516018509865
0.9961899999999718	9.561496518552303
0.9961999999999718	9.522462459281087
0.9962099999999717	9.471187319606543
0.9962199999999717	9.471187319606543
0.9962299999999716	9.470533154439181
0.9962399999999716	9.469876058807131
0.9962499999999715	9.445674920862075
0.9962599999999715	9.394434078072663
0.9962699999999715	9.373860233812593
0.9962799999999714	9.344815113930963
0.9962899999999714	9.2924406187376
0.9962999999999713	9.2924406187376
0.9963099999999713	9.2924406187376
0.9963199999999712	9.2924406187376
0.9963299999999712	9.25864237116184
0.9963399999999711	9.214369939058088
0.9963499999999711	9.187212129472755
0.996359999999971	9.160345279960893
0.996369999999971	9.160345279960893
0.996379999999971	9.160345279960893
0.9963899999999709	9.160345279960893
0.9963999999999709	9.111976581974886
0.9964099999999708	9.086289367987774
0.9964199999999708	9.086289367987774
0.9964299999999707	9.059393129660748
0.9964399999999707	9.059393129660748
0.9964499999999706	9.031434147967957
0.9964599999999706	8.989263612194918
0.9964699999999705	8.939880921854638
0.9964799999999705	8.894346277578734
0.9964899999999705	8.842013401328586
0.9964999999999704	8.818875349476002
0.9965099999999704	8.801064779399894
0.9965199999999703	8.801064779399894
0.9965299999999703	8.773818984045647
0.9965399999999702	8.771291447686963
0.9965499999999702	8.716947038541548
0.9965599999999701	8.693728363956325
0.9965699999999701	8.668045480153523
0.99657999999997	8.668045480153523
0.99658999999997	8.638861904270016
0.99659999999997	8.638861904270016
0.9966099999999699	8.599915645434521
0.9966199999999699	8.599915645434521
0.9966299999999698	8.599915645434521
0.9966399999999698	8.574923976673745
0.9966499999999697	8.540795059292577
0.9966599999999697	8.525766145787202
0.9966699999999696	8.525766145787202
0.9966799999999696	8.525766145787202
0.9966899999999695	8.525766145787202
0.9966999999999695	8.525766145787202
0.9967099999999695	8.525766145787202
0.9967199999999694	8.525766145787202
0.9967299999999694	8.49798302759882
0.9967399999999693	8.421410573995672
0.9967499999999693	8.421410573995672
0.9967599999999692	8.403311148635112
0.9967699999999692	8.395358622423373
0.9967799999999691	8.349176233983599
0.9967899999999691	8.349176233983599
0.996799999999969	8.325494198477827
0.996809999999969	8.28926282224711
0.996819999999969	8.265998008078896
0.9968299999999689	8.249725066474639
0.9968399999999689	8.222218387178145
0.9968499999999688	8.222218387178145
0.9968599999999688	8.20086886768695
0.9968699999999687	8.20086886768695
0.9968799999999687	8.20086886768695
0.9968899999999686	8.177463436848484
0.9968999999999686	8.130995838320814
0.9969099999999685	8.130995838320814
0.9969199999999685	8.10274463368114
0.9969299999999685	8.075082747614942
0.9969399999999684	8.075082747614942
0.9969499999999684	8.075082747614942
0.9969599999999683	8.054956356412731
0.9969699999999683	8.008574707782827
0.9969799999999682	7.988160523003899
0.9969899999999682	7.988160523003899
0.9969999999999681	7.988160523003899
0.9970099999999681	7.985563803114928
0.997019999999968	7.985563803114928
0.997029999999968	7.951621442683972
0.997039999999968	7.92236747185234
0.9970499999999679	7.92236747185234
0.9970599999999679	7.898352294811048
0.9970699999999678	7.898352294811048
0.9970799999999678	7.858620723360218
0.9970899999999677	7.858620723360218
0.9970999999999677	7.842859176569618
0.9971099999999676	7.842859176569618
0.9971199999999676	7.804766056709923
0.9971299999999675	7.763782024034299
0.9971399999999675	7.743703944259323
0.9971499999999675	7.674752846010961
0.9971599999999674	7.674752846010961
0.9971699999999674	7.643349324702285
0.9971799999999673	7.643349324702285
0.9971899999999673	7.613557789591141
0.9971999999999672	7.613557789591141
0.9972099999999672	7.613557789591141
0.9972199999999671	7.583621852798387
0.9972299999999671	7.583621852798387
0.997239999999967	7.538099496392533
0.997249999999967	7.508563778130338
0.997259999999967	7.481608020840213
0.9972699999999669	7.44209009106271
0.9972799999999669	7.423631100682542
0.9972899999999668	7.396516994340345
0.9972999999999668	7.396516994340345
0.9973099999999667	7.3541955051478
0.9973199999999667	7.3541955051478
0.9973299999999666	7.301938045537099
0.9973399999999666	7.280398148810491
0.9973499999999665	7.280398148810491
0.9973599999999665	7.19664391851984
0.9973699999999665	7.19664391851984
0.9973799999999664	7.169828358804807
0.9973899999999664	7.169828358804807
0.9973999999999663	7.169828358804807
0.9974099999999663	7.085592755815014
0.9974199999999662	7.064319170778617
0.9974299999999662	7.064319170778617
0.9974399999999661	6.952770933276042
0.9974499999999661	6.899463157868013
0.997459999999966	6.899463157868013
0.997469999999966	6.831132154678926
0.997479999999966	6.831132154678926
0.9974899999999659	6.804371272912249
0.9974999999999659	6.7802872189786285
0.9975099999999658	6.729490158846602
0.9975199999999658	6.690945397829637
0.9975299999999657	6.619048530003056
0.9975399999999657	6.593869251897559
0.9975499999999656	6.573643501615152
0.9975599999999656	6.573643501615152
0.9975699999999655	6.528039058437571
0.9975799999999655	6.508179891621694
0.9975899999999654	6.504268837859854
0.9975999999999654	6.46920284605585
0.9976099999999654	6.46920284605585
0.9976199999999653	6.46920284605585
0.9976299999999653	6.423479215940461
0.9976399999999652	6.3962952678557485
0.9976499999999652	6.3962952678557485
0.9976599999999651	6.3962952678557485
0.9976699999999651	6.389538182178512
0.997679999999965	6.389538182178512
0.997689999999965	6.389538182178512
0.997699999999965	6.311508568236604
0.9977099999999649	6.263205448398367
0.9977199999999649	6.241636588587426
0.9977299999999648	6.21804730349686
0.9977399999999648	6.192565448000096
0.9977499999999647	6.173791499226354
0.9977599999999647	6.149662300362252
0.9977699999999646	6.128302631317638
0.9977799999999646	6.095093178111711
0.9977899999999645	6.075320980060496
0.9977999999999645	6.047824861961999
0.9978099999999644	6.047824861961999
0.9978199999999644	6.047824861961999
0.9978299999999644	6.016492654118338
0.9978399999999643	5.989442913341918
0.9978499999999643	5.935554046664038
0.9978599999999642	5.9109872062836075
0.9978699999999642	5.894740701201954
0.9978799999999641	5.865097815651097
0.9978899999999641	5.8462468781654024
0.997899999999964	5.8462468781654024
0.997909999999964	5.773331103831879
0.997919999999964	5.73866395674122
0.9979299999999639	5.7114673296309775
0.9979399999999639	5.687395716304309
0.9979499999999638	5.667599184656865
0.9979599999999638	5.639067383701331
0.9979699999999637	5.59452293648792
0.9979799999999637	5.59452293648792
0.9979899999999636	5.59452293648792
0.9979999999999636	5.570460552567965
0.9980099999999635	5.530233104000217
0.9980199999999635	5.530233104000217
0.9980299999999634	5.523578687323607
0.9980399999999634	5.522400267756893
0.9980499999999634	5.473882815203979
0.9980599999999633	5.451355442739441
0.9980699999999633	5.426612733266666
0.9980799999999632	5.40273368950875
0.9980899999999632	5.38616189394088
0.9980999999999631	5.383589334887802
0.9981099999999631	5.359816627678811
0.998119999999963	5.359816627678811
0.998129999999963	5.357242404585122
0.998139999999963	5.332650414769887
0.9981499999999629	5.312797687118291
0.9981599999999629	5.312797687118291
0.9981699999999628	5.235731828128337
0.9981799999999628	5.212751789877075
0.9981899999999627	5.212751789877075
0.9981999999999627	5.212751789877075
0.9982099999999626	5.169217216709512
0.9982199999999626	5.14224477011885
0.9982299999999625	5.119142535069841
0.9982399999999625	5.091239460671204
0.9982499999999624	5.044579076507944
0.9982599999999624	5.044579076507944
0.9982699999999624	4.969900033363956
0.9982799999999623	4.878867271283525
0.9982899999999623	4.878867271283525
0.9982999999999622	4.8516864682751475
0.9983099999999622	4.8263860232400475
0.9983199999999621	4.80267040237959
0.9983299999999621	4.722519997434574
0.998339999999962	4.722519997434574
0.998349999999962	4.722519997434574
0.998359999999962	4.722519997434574
0.9983699999999619	4.7021321001666365
0.9983799999999619	4.7005590578046395
0.9983899999999618	4.650569787758286
0.9983999999999618	4.650569787758286
0.9984099999999617	4.62751465155452
0.9984199999999617	4.62751465155452
0.9984299999999616	4.62751465155452
0.9984399999999616	4.62751465155452
0.9984499999999615	4.588376129147946
0.9984599999999615	4.570104269412695
0.9984699999999614	4.4937268813228
0.9984799999999614	4.4788635262375465
0.9984899999999614	4.459823038530885
0.9984999999999613	4.4089360480284085
0.9985099999999613	4.387090060961782
0.9985199999999612	4.387090060961782
0.9985299999999612	4.360135723007261
0.9985399999999611	4.339235790175735
0.9985499999999611	4.302481958744465
0.998559999999961	4.277267295969068
0.998569999999961	4.206560820442974
0.9985799999999609	4.182447116923868
0.9985899999999609	4.152880062974873
0.9985999999999609	4.152880062974873
0.9986099999999608	4.127044988490525
0.9986199999999608	4.084306103803101
0.9986299999999607	4.084306103803101
0.9986399999999607	4.01808544031519
0.9986499999999606	3.9892335426266072
0.9986599999999606	3.9892335426266072
0.9986699999999605	3.9414584733749507
0.9986799999999605	3.9414584733749507
0.9986899999999604	3.903459750508773
0.9986999999999604	3.903459750508773
0.9987099999999604	3.859477064033854
0.9987199999999603	3.859477064033854
0.9987299999999603	3.8321077734435676
0.9987399999999602	3.805862697234261
0.9987499999999602	3.805862697234261
0.9987599999999601	3.7655203029717086
0.9987699999999601	3.7487698853219626
0.99877999999996	3.721518414487946
0.99878999999996	3.7051681433076737
0.9987999999999599	3.7051681433076737
0.9988099999999599	3.6760343149508117
0.9988199999999599	3.6460378336923895
0.9988299999999598	3.6455902602901915
0.9988399999999598	3.6455902602901915
0.9988499999999597	3.6455902602901915
0.9988599999999597	3.6455902602901915
0.9988699999999596	3.6455902602901915
0.9988799999999596	3.6455902602901915
0.9988899999999595	3.6455902602901915
0.9988999999999595	3.6228226587554673
0.9989099999999594	3.6228226587554673
0.9989199999999594	3.5985780969640473
0.9989299999999594	3.5705018021544674
0.9989399999999593	3.5705018021544674
0.9989499999999593	3.5705018021544674
0.9989599999999592	3.4931350337719778
0.9989699999999592	3.4931350337719778
0.9989799999999591	3.4931350337719778
0.9989899999999591	3.4462983129924396
0.998999999999959	3.42203677877842
0.999009999999959	3.42203677877842
0.9990199999999589	3.38777930069773
0.9990299999999589	3.3346359223505715
0.9990399999999588	3.259353918620036
0.9990499999999588	3.216819659937755
0.9990599999999588	3.216819659937755
0.9990699999999587	3.216819659937755
0.9990799999999587	3.216819659937755
0.9990899999999586	3.1615153859747807
0.9990999999999586	3.1615153859747807
0.9991099999999585	3.1615153859747807
0.9991199999999585	3.1615153859747807
0.9991299999999584	3.1615153859747807
0.9991399999999584	3.1414276055438677
0.9991499999999583	3.123227351476089
0.9991599999999583	3.113175079357461
0.9991699999999583	3.113175079357461
0.9991799999999582	3.0862501805095235
0.9991899999999582	3.062919892501668
0.9991999999999581	2.986194269862608
0.9992099999999581	2.9589428735343972
0.999219999999958	2.931752668824629
0.999229999999958	2.882093258333043
0.9992399999999579	2.841899806764559
0.9992499999999579	2.8031160199461738
0.9992599999999578	2.8031160199461738
0.9992699999999578	2.7555885260371724
0.9992799999999578	2.630329231862561
0.9992899999999577	2.5824550344987074
0.9992999999999577	2.580024540788145
0.9993099999999576	2.5700235202821204
0.9993199999999576	2.5382471232587704
0.9993299999999575	2.48505822372681
0.9993399999999575	2.4292080140585313
0.9993499999999574	2.4292080140585313
0.9993599999999574	2.4292080140585313
0.9993699999999573	2.4126696622843156
0.9993799999999573	2.3578518651338527
0.9993899999999573	2.3578518651338527
0.9993999999999572	2.347737138523371
0.9994099999999572	2.324101388818235
0.9994199999999571	2.324101388818235
0.9994299999999571	2.290717676645727
0.999439999999957	2.261431125472882
0.999449999999957	2.208075657035806
0.9994599999999569	2.208075657035806
0.9994699999999569	2.169814846958616
0.9994799999999568	2.1285935356427217
0.9994899999999568	2.043290031622746
0.9994999999999568	2.0159364505816484
0.9995099999999567	1.9047663076926256
0.9995199999999567	1.8563885293115163
0.9995299999999566	1.7748161531199003
0.9995399999999566	1.7537441826571012
0.9995499999999565	1.7537441826571012
0.9995599999999565	1.7537441826571012
0.9995699999999564	1.7264494183618808
0.9995799999999564	1.6973014841933036
0.9995899999999563	1.6317004861339228
0.9995999999999563	1.6084005257143872
0.9996099999999563	1.5804551990731852
0.9996199999999562	1.5538581630244153
0.9996299999999562	1.531995960700442
0.9996399999999561	1.531995960700442
0.9996499999999561	1.5035518456279533
0.999659999999956	1.5035518456279533
0.999669999999956	1.4538749374478357
0.9996799999999559	1.4538749374478357
0.9996899999999559	1.4538749374478357
0.9996999999999558	1.4018501427053707
0.9997099999999558	1.3770798493205803
0.9997199999999558	1.3397395109786885
0.9997299999999557	1.3186016717954772
0.9997399999999557	1.3186016717954772
0.9997499999999556	1.2932967724773334
0.9997599999999556	1.23373147235543
0.9997699999999555	1.229695830916171
0.9997799999999555	1.229695830916171
0.9997899999999554	1.172177287240629
0.9997999999999554	1.1451344866800355
0.9998099999999553	1.1451344866800355
0.9998199999999553	1.0684383236366557
0.9998299999999553	1.0233612735319184
0.9998399999999552	0.9552081250149058
0.9998499999999552	0.9269873131561326
0.9998599999999551	0.8928543021465885
0.9998699999999551	0.8291137413616525
0.999879999999955	0.7550590149621712
0.999889999999955	0.7087012227420928
0.9998999999999549	0.7071641942748101
0.9999099999999549	0.682622892622021
0.9999199999999548	0.6557882910856279
0.9999299999999548	0.586710575807956
0.9999399999999548	0.586710575807956
0.9999499999999547	0.4648135341703892
0.9999599999999547	0.4382839910686016
0.9999699999999546	0.3872856441885233
0.9999799999999546	0.2806587480008602
0.9999899999999545	0.1883524488657713
0.9999999999999545	0
1.0000099999999543	0
