0.0	47.765552852762994
0.01	47.69719009054279
0.02	47.59825706586162
0.03	47.507714493194726
0.04	47.45997157622514
0.05	47.37913578748157
0.06	47.31796271632811
0.07	47.22235982026359
0.08	47.11466850898614
0.09	47.04867095127156
0.1	47.019952633412686
0.11	46.97529814578047
0.12	46.908869007131216
0.13	46.84573898696726
0.14	46.81469388806181
0.15	46.78116787725048
0.16	46.72383645118134
0.17	46.69301790405916
0.18	46.68146691691982
0.19	46.639516729273964
0.2	46.56420693301516
0.21	46.473857422470246
0.22	46.44076850555757
0.23	46.39092248503039
0.24	46.323753857164775
0.25	46.25789371330211
0.26	46.24604739073584
0.27	46.17510677233258
0.28	46.12692813819194
0.29	46.09843332750643
0.3	46.055784974591006
0.31	46.021308528603186
0.32	46.00648346507842
0.33	45.96718195033645
0.34	45.927785336500165
0.35000000000000003	45.91823928849226
0.36	45.886207358440515
0.37	45.83952951570427
0.38	45.78141244872859
0.39	45.73258544690361
0.4	45.710058817518075
0.41000000000000003	45.7097553047588
0.42	45.70012342326845
0.43	45.64770639364178
0.44	45.54347752712238
0.45	45.485225353646456
0.46	45.40865033890623
0.47000000000000003	45.322437154851286
0.48	45.310996801150395
0.49	45.303356341109975
0.5	45.27362065636589
0.51	45.21457839910909
0.52	45.16980347936078
0.53	45.07971991007253
0.54	45.03849289068057
0.55	44.994017101498684
0.56	44.966143257590375
0.5700000000000001	44.89566582036241
0.58	44.861866098968676
0.59	44.76182613815217
0.6	44.730397735862425
0.61	44.65333911077505
0.62	44.61330945277041
0.63	44.567250603338834
0.64	44.53188091189986
0.65	44.39147547189532
0.66	44.29216137551157
0.67	44.277738614235204
0.68	44.17266989987729
0.6900000000000001	44.06998926237611
0.7000000000000001	44.04192995395897
0.71	43.925796675490346
0.72	43.89721410348466
0.73	43.88375637493482
0.74	43.77676822304238
0.75	43.64744865301509
0.76	43.55796841241863
0.77	43.45576880675253
0.78	43.33841518464942
0.79	43.19353048481025
0.8	43.139208389222404
0.81	43.04545943044104
0.8200000000000001	42.92436015117892
0.8300000000000001	42.61710402219069
0.84	42.44130210334879
0.85	42.20535193320575
0.86	41.88974266901823
0.87	41.713909961088575
0.88	41.50745253443347
0.89	41.28924805989118
0.9	40.95974472321723
0.91	40.558069772110684
0.92	40.27268396227191
0.93	39.70364302445705
0.9400000000000001	39.31272197894032
0.9500000000000001	38.80345282093367
0.96	38.21577362699645
0.97	37.298172440563576
0.98	36.13015684812308
0.99	33.26185651508604
0.99001	33.26185651508604
0.9900199999999999	33.250320786735756
0.9900299999999999	33.2490323257025
0.9900399999999998	33.239338741297615
0.9900499999999998	33.239338741297615
0.9900599999999997	33.239338741297615
0.9900699999999997	33.239338741297615
0.9900799999999996	33.239338741297615
0.9900899999999996	33.222405391521534
0.9900999999999995	33.19699086505898
0.9901099999999995	33.19699086505898
0.9901199999999994	33.19699086505898
0.9901299999999994	33.186642005815884
0.9901399999999994	33.186642005815884
0.9901499999999993	33.186642005815884
0.9901599999999993	33.186642005815884
0.9901699999999992	33.186642005815884
0.9901799999999992	33.17289622850694
0.9901899999999991	33.17289622850694
0.9901999999999991	33.171021097814446
0.990209999999999	33.15473114094675
0.990219999999999	33.15473114094675
0.9902299999999989	33.15473114094675
0.9902399999999989	33.13885607897282
0.9902499999999989	33.13885607897282
0.9902599999999988	33.11929480872095
0.9902699999999988	33.10559997755081
0.9902799999999987	33.10559997755081
0.9902899999999987	33.0903650089258
0.9902999999999986	33.0903650089258
0.9903099999999986	33.0903650089258
0.9903199999999985	33.0903650089258
0.9903299999999985	33.073964029093986
0.9903399999999984	33.073964029093986
0.9903499999999984	33.06160749169976
0.9903599999999984	33.061515125549704
0.9903699999999983	33.061515125549704
0.9903799999999983	33.061515125549704
0.9903899999999982	33.061515125549704
0.9903999999999982	33.061515125549704
0.9904099999999981	33.061515125549704
0.9904199999999981	33.04544051840094
0.990429999999998	33.04544051840094
0.990439999999998	33.03392833761063
0.9904499999999979	33.03392833761063
0.9904599999999979	33.03392833761063
0.9904699999999979	33.03392833761063
0.9904799999999978	33.03392833761063
0.9904899999999978	33.03392833761063
0.9904999999999977	33.03392833761063
0.9905099999999977	33.02154331472593
0.9905199999999976	33.02154331472593
0.9905299999999976	33.02154331472593
0.9905399999999975	33.02154331472593
0.9905499999999975	33.02154331472593
0.9905599999999974	33.01218311213779
0.9905699999999974	33.01218311213779
0.9905799999999974	33.01218311213779
0.9905899999999973	33.01218311213779
0.9905999999999973	33.01218311213779
0.9906099999999972	32.99777687904316
0.9906199999999972	32.99777687904316
0.9906299999999971	32.99777687904316
0.9906399999999971	32.970223554455515
0.990649999999997	32.970223554455515
0.990659999999997	32.970223554455515
0.9906699999999969	32.95628773891258
0.9906799999999969	32.94674066924381
0.9906899999999969	32.936495957010266
0.9906999999999968	32.922478660055276
0.9907099999999968	32.90465305948055
0.9907199999999967	32.90465305948055
0.9907299999999967	32.88728812539375
0.9907399999999966	32.87778936156428
0.9907499999999966	32.87778936156428
0.9907599999999965	32.84415868685937
0.9907699999999965	32.82826145568288
0.9907799999999964	32.82826145568288
0.9907899999999964	32.81325423081762
0.9907999999999964	32.81325423081762
0.9908099999999963	32.7784965887422
0.9908199999999963	32.76634749320692
0.9908299999999962	32.76634749320692
0.9908399999999962	32.76634749320692
0.9908499999999961	32.76634749320692
0.9908599999999961	32.75188067478484
0.990869999999996	32.74068049171365
0.990879999999996	32.74068049171365
0.9908899999999959	32.74068049171365
0.9908999999999959	32.74068049171365
0.9909099999999958	32.72671376184917
0.9909199999999958	32.72671376184917
0.9909299999999958	32.72671376184917
0.9909399999999957	32.72671376184917
0.9909499999999957	32.72671376184917
0.9909599999999956	32.72671376184917
0.9909699999999956	32.72671376184917
0.9909799999999955	32.7152331594134
0.9909899999999955	32.7152331594134
0.9909999999999954	32.69893466045505
0.9910099999999954	32.68491756094045
0.9910199999999953	32.68491756094045
0.9910299999999953	32.68491756094045
0.9910399999999953	32.68491756094045
0.9910499999999952	32.66700253931231
0.9910599999999952	32.66329331106863
0.9910699999999951	32.648801571385775
0.9910799999999951	32.633501309597705
0.991089999999995	32.633501309597705
0.991099999999995	32.62113288852743
0.9911099999999949	32.62113288852743
0.9911199999999949	32.62113288852743
0.9911299999999948	32.62113288852743
0.9911399999999948	32.604819423215304
0.9911499999999948	32.604819423215304
0.9911599999999947	32.604819423215304
0.9911699999999947	32.57862463283709
0.9911799999999946	32.57862463283709
0.9911899999999946	32.57862463283709
0.9911999999999945	32.57862463283709
0.9912099999999945	32.56495947546682
0.9912199999999944	32.56495947546682
0.9912299999999944	32.56495947546682
0.9912399999999943	32.56495947546682
0.9912499999999943	32.56495947546682
0.9912599999999943	32.536272128740165
0.9912699999999942	32.536272128740165
0.9912799999999942	32.51869362189791
0.9912899999999941	32.51869362189791
0.9912999999999941	32.49797270789168
0.991309999999994	32.4863773618581
0.991319999999994	32.47676770824364
0.9913299999999939	32.47676770824364
0.9913399999999939	32.47676770824364
0.9913499999999938	32.47676770824364
0.9913599999999938	32.47676770824364
0.9913699999999938	32.47676770824364
0.9913799999999937	32.46527003373376
0.9913899999999937	32.452739066140566
0.9913999999999936	32.452739066140566
0.9914099999999936	32.452739066140566
0.9914199999999935	32.452739066140566
0.9914299999999935	32.452739066140566
0.9914399999999934	32.452739066140566
0.9914499999999934	32.452739066140566
0.9914599999999933	32.43640547913856
0.9914699999999933	32.43112841264701
0.9914799999999933	32.41779955306447
0.9914899999999932	32.41779955306447
0.9914999999999932	32.41779955306447
0.9915099999999931	32.40179720909691
0.9915199999999931	32.40179720909691
0.991529999999993	32.40179720909691
0.991539999999993	32.40179720909691
0.9915499999999929	32.40179720909691
0.9915599999999929	32.40179720909691
0.9915699999999928	32.40179720909691
0.9915799999999928	32.38768082221395
0.9915899999999928	32.38768082221395
0.9915999999999927	32.38768082221395
0.9916099999999927	32.376339866941635
0.9916199999999926	32.376339866941635
0.9916299999999926	32.35271196735448
0.9916399999999925	32.33892325607485
0.9916499999999925	32.33892325607485
0.9916599999999924	32.32469450791723
0.9916699999999924	32.30874608938939
0.9916799999999923	32.30874608938939
0.9916899999999923	32.29696690679884
0.9916999999999923	32.27319117931074
0.9917099999999922	32.27319117931074
0.9917199999999922	32.26795726006276
0.9917299999999921	32.26795726006276
0.9917399999999921	32.2669002623752
0.991749999999992	32.2669002623752
0.991759999999992	32.25501806526336
0.9917699999999919	32.25501806526336
0.9917799999999919	32.230797810991135
0.9917899999999918	32.230797810991135
0.9917999999999918	32.230797810991135
0.9918099999999918	32.216076281432834
0.9918199999999917	32.20672233546975
0.9918299999999917	32.19163566692623
0.9918399999999916	32.19163566692623
0.9918499999999916	32.180451356385674
0.9918599999999915	32.180451356385674
0.9918699999999915	32.180451356385674
0.9918799999999914	32.180451356385674
0.9918899999999914	32.165778071199384
0.9918999999999913	32.165778071199384
0.9919099999999913	32.15540807000252
0.9919199999999913	32.146034050312664
0.9919299999999912	32.131603534844544
0.9919399999999912	32.11558996657732
0.9919499999999911	32.1102686548129
0.9919599999999911	32.067305904392924
0.991969999999991	32.05107387578937
0.991979999999991	32.05107387578937
0.9919899999999909	32.05107387578937
0.9919999999999909	32.05107387578937
0.9920099999999908	32.034581572328534
0.9920199999999908	32.02929981150555
0.9920299999999908	32.02929981150555
0.9920399999999907	32.01437837262529
0.9920499999999907	31.99445923049825
0.9920599999999906	31.99445923049825
0.9920699999999906	31.99445923049825
0.9920799999999905	31.99445923049825
0.9920899999999905	31.979533258871015
0.9920999999999904	31.979533258871015
0.9921099999999904	31.944997220345613
0.9921199999999903	31.931402171076115
0.9921299999999903	31.916565476030883
0.9921399999999903	31.916565476030883
0.9921499999999902	31.90292956032681
0.9921599999999902	31.90292956032681
0.9921699999999901	31.90292956032681
0.9921799999999901	31.90292956032681
0.99218999999999	31.891507874288436
0.99219999999999	31.876444159121093
0.9922099999999899	31.861472846054312
0.9922199999999899	31.861472846054312
0.9922299999999898	31.81771661811399
0.9922399999999898	31.81771661811399
0.9922499999999898	31.80250036290272
0.9922599999999897	31.777552302390177
0.9922699999999897	31.777552302390177
0.9922799999999896	31.77705233094639
0.9922899999999896	31.77705233094639
0.9922999999999895	31.77705233094639
0.9923099999999895	31.75043820699102
0.9923199999999894	31.75043820699102
0.9923299999999894	31.71991580368376
0.9923399999999893	31.708138048810724
0.9923499999999893	31.708138048810724
0.9923599999999893	31.707957771404836
0.9923699999999892	31.697106420791897
0.9923799999999892	31.697106420791897
0.9923899999999891	31.697106420791897
0.9923999999999891	31.660170431046936
0.992409999999989	31.643885792031142
0.992419999999989	31.643885792031142
0.9924299999999889	31.615294925666603
0.9924399999999889	31.615294925666603
0.9924499999999888	31.615294925666603
0.9924599999999888	31.615294925666603
0.9924699999999888	31.599386237359795
0.9924799999999887	31.597546836857873
0.9924899999999887	31.597546836857873
0.9924999999999886	31.582705777271258
0.9925099999999886	31.566338123886453
0.9925199999999885	31.56505750621909
0.9925299999999885	31.53766297539005
0.9925399999999884	31.522360379707607
0.9925499999999884	31.522360379707607
0.9925599999999883	31.522360379707607
0.9925699999999883	31.522360379707607
0.9925799999999882	31.522360379707607
0.9925899999999882	31.509992228720876
0.9925999999999882	31.509992228720876
0.9926099999999881	31.509992228720876
0.9926199999999881	31.48525377725491
0.992629999999988	31.48525377725491
0.992639999999988	31.46901461658308
0.9926499999999879	31.459221686136516
0.9926599999999879	31.459221686136516
0.9926699999999878	31.459221686136516
0.9926799999999878	31.459221686136516
0.9926899999999877	31.42898290408084
0.9926999999999877	31.411131314833256
0.9927099999999877	31.411131314833256
0.9927199999999876	31.411131314833256
0.9927299999999876	31.411131314833256
0.9927399999999875	31.40149560746977
0.9927499999999875	31.40149560746977
0.9927599999999874	31.40149560746977
0.9927699999999874	31.36805294024998
0.9927799999999873	31.36805294024998
0.9927899999999873	31.36805294024998
0.9927999999999872	31.319215266399624
0.9928099999999872	31.319215266399624
0.9928199999999872	31.319215266399624
0.9928299999999871	31.319215266399624
0.9928399999999871	31.319215266399624
0.992849999999987	31.319215266399624
0.992859999999987	31.304419372596385
0.9928699999999869	31.28782898596728
0.9928799999999869	31.260462285385074
0.9928899999999868	31.260462285385074
0.9928999999999868	31.247045999758484
0.9929099999999867	31.23472018855864
0.9929199999999867	31.212523762502315
0.9929299999999867	31.212523762502315
0.9929399999999866	31.212523762502315
0.9929499999999866	31.212523762502315
0.9929599999999865	31.18571676443571
0.9929699999999865	31.15907062626684
0.9929799999999864	31.128116438530924
0.9929899999999864	31.1143969291752
0.9929999999999863	31.098348171815815
0.9930099999999863	31.082200269580426
0.9930199999999862	31.082200269580426
0.9930299999999862	31.082200269580426
0.9930399999999862	31.072418319427015
0.9930499999999861	31.06224726270193
0.9930599999999861	31.06224726270193
0.993069999999986	31.06224726270193
0.993079999999986	31.049814624146165
0.9930899999999859	31.035321672812643
0.9930999999999859	31.018303648002984
0.9931099999999858	31.001351828121187
0.9931199999999858	31.001351828121187
0.9931299999999857	30.98688844627941
0.9931399999999857	30.971500162400844
0.9931499999999857	30.971500162400844
0.9931599999999856	30.971500162400844
0.9931699999999856	30.94082173438983
0.9931799999999855	30.923755278012322
0.9931899999999855	30.908607561390454
0.9931999999999854	30.908607561390454
0.9932099999999854	30.87159403997248
0.9932199999999853	30.85757514859324
0.9932299999999853	30.85757514859324
0.9932399999999852	30.85757514859324
0.9932499999999852	30.85757514859324
0.9932599999999852	30.85757514859324
0.9932699999999851	30.84734667117482
0.9932799999999851	30.84734667117482
0.993289999999985	30.83087304631954
0.993299999999985	30.81950222632622
0.9933099999999849	30.80317548221683
0.9933199999999849	30.78772035172915
0.9933299999999848	30.77806032753324
0.9933399999999848	30.77806032753324
0.9933499999999847	30.76821814968025
0.9933599999999847	30.767151512105556
0.9933699999999847	30.750924032081457
0.9933799999999846	30.734916137431355
0.9933899999999846	30.705524966020675
0.9933999999999845	30.685064695675464
0.9934099999999845	30.68238532975556
0.9934199999999844	30.68238532975556
0.9934299999999844	30.66318998731913
0.9934399999999843	30.66318998731913
0.9934499999999843	30.648697830403762
0.9934599999999842	30.648697830403762
0.9934699999999842	30.648697830403762
0.9934799999999842	30.618097376676815
0.9934899999999841	30.618097376676815
0.9934999999999841	30.59124317918213
0.993509999999984	30.560388769621568
0.993519999999984	30.560388769621568
0.9935299999999839	30.54863904848935
0.9935399999999839	30.523485419007557
0.9935499999999838	30.523485419007557
0.9935599999999838	30.506760158243196
0.9935699999999837	30.489333551975506
0.9935799999999837	30.45691179637106
0.9935899999999837	30.45691179637106
0.9935999999999836	30.45691179637106
0.9936099999999836	30.44558916207643
0.9936199999999835	30.409542758616226
0.9936299999999835	30.409542758616226
0.9936399999999834	30.395744813273268
0.9936499999999834	30.395744813273268
0.9936599999999833	30.379330707381087
0.9936699999999833	30.379330707381087
0.9936799999999832	30.36535508617999
0.9936899999999832	30.36535508617999
0.9936999999999832	30.35388287868591
0.9937099999999831	30.326511346402185
0.9937199999999831	30.308377864437716
0.993729999999983	30.308292335483202
0.993739999999983	30.308292335483202
0.9937499999999829	30.29359278048105
0.9937599999999829	30.276663729573556
0.9937699999999828	30.253216110753783
0.9937799999999828	30.23846823501117
0.9937899999999827	30.225840564469763
0.9937999999999827	30.20961027557678
0.9938099999999827	30.20961027557678
0.9938199999999826	30.189980720753738
0.9938299999999826	30.189980720753738
0.9938399999999825	30.189980720753738
0.9938499999999825	30.189980720753738
0.9938599999999824	30.189980720753738
0.9938699999999824	30.189980720753738
0.9938799999999823	30.188132765704722
0.9938899999999823	30.188132765704722
0.9938999999999822	30.175790457988114
0.9939099999999822	30.15827856119904
0.9939199999999822	30.143764356153042
0.9939299999999821	30.123052041979463
0.9939399999999821	30.11152956728074
0.993949999999982	30.11152956728074
0.993959999999982	30.095669859090776
0.9939699999999819	30.076026168653698
0.9939799999999819	30.06183224171582
0.9939899999999818	30.06183224171582
0.9939999999999818	30.04666273202929
0.9940099999999817	30.04666273202929
0.9940199999999817	30.03421437740508
0.9940299999999817	30.03421437740508
0.9940399999999816	30.01948643848482
0.9940499999999816	29.988684490324886
0.9940599999999815	29.973154353911013
0.9940699999999815	29.973154353911013
0.9940799999999814	29.961740858854682
0.9940899999999814	29.945667976515324
0.9940999999999813	29.928121641978578
0.9941099999999813	29.928121641978578
0.9941199999999812	29.92679509532354
0.9941299999999812	29.89573525835476
0.9941399999999811	29.876847896843174
0.9941499999999811	29.876847896843174
0.9941599999999811	29.876847896843174
0.994169999999981	29.876847896843174
0.994179999999981	29.82994329848043
0.9941899999999809	29.82994329848043
0.9941999999999809	29.805496356568256
0.9942099999999808	29.753675907037177
0.9942199999999808	29.753675907037177
0.9942299999999807	29.725788663259664
0.9942399999999807	29.725788663259664
0.9942499999999806	29.67036909435592
0.9942599999999806	29.64065128576658
0.9942699999999806	29.64065128576658
0.9942799999999805	29.61116600234709
0.9942899999999805	29.605921968470284
0.9942999999999804	29.605921968470284
0.9943099999999804	29.59022014553375
0.9943199999999803	29.57545247452981
0.9943299999999803	29.57545247452981
0.9943399999999802	29.56388430914558
0.9943499999999802	29.54919199051983
0.9943599999999801	29.539387104685375
0.9943699999999801	29.539387104685375
0.9943799999999801	29.539387104685375
0.99438999999998	29.539387104685375
0.99439999999998	29.52516957244552
0.9944099999999799	29.52516957244552
0.9944199999999799	29.52516957244552
0.9944299999999798	29.52516957244552
0.9944399999999798	29.52516957244552
0.9944499999999797	29.51389372779704
0.9944599999999797	29.470610243852207
0.9944699999999796	29.4534331422783
0.9944799999999796	29.4534331422783
0.9944899999999796	29.4534331422783
0.9944999999999795	29.4534331422783
0.9945099999999795	29.42558763665329
0.9945199999999794	29.409841201502786
0.9945299999999794	29.394361535631106
0.9945399999999793	29.37910528698376
0.9945499999999793	29.36458135427347
0.9945599999999792	29.328064024759442
0.9945699999999792	29.282711985832066
0.9945799999999791	29.282711985832066
0.9945899999999791	29.282711985832066
0.9945999999999791	29.267781958295018
0.994609999999979	29.236719674741835
0.994619999999979	29.225392501180977
0.9946299999999789	29.225392501180977
0.9946399999999789	29.209423651298493
0.9946499999999788	29.209423651298493
0.9946599999999788	29.19340292116067
0.9946699999999787	29.187870716754333
0.9946799999999787	29.187870716754333
0.9946899999999786	29.187870716754333
0.9946999999999786	29.161644411351517
0.9947099999999786	29.161644411351517
0.9947199999999785	29.143888591866926
0.9947299999999785	29.131908601228133
0.9947399999999784	29.131908601228133
0.9947499999999784	29.131908601228133
0.9947599999999783	29.131908601228133
0.9947699999999783	29.131908601228133
0.9947799999999782	29.131908601228133
0.9947899999999782	29.105864496979848
0.9947999999999781	29.07677234158291
0.9948099999999781	29.053587492633596
0.994819999999978	29.00593175933136
0.994829999999978	28.99101681083812
0.994839999999978	28.99101681083812
0.9948499999999779	28.99101681083812
0.9948599999999779	28.97876947567238
0.9948699999999778	28.97876947567238
0.9948799999999778	28.952570279207066
0.9948899999999777	28.93861574408038
0.9948999999999777	28.91055664986743
0.9949099999999776	28.91055664986743
0.9949199999999776	28.894451381716863
0.9949299999999776	28.894451381716863
0.9949399999999775	28.894451381716863
0.9949499999999775	28.869936224151388
0.9949599999999774	28.812936094667748
0.9949699999999774	28.812936094667748
0.9949799999999773	28.812936094667748
0.9949899999999773	28.812936094667748
0.9949999999999772	28.792755036693052
0.9950099999999772	28.763279162425533
0.9950199999999771	28.739160310555235
0.9950299999999771	28.695541128594414
0.995039999999977	28.680546292182044
0.995049999999977	28.680546292182044
0.995059999999977	28.680546292182044
0.9950699999999769	28.66617857579513
0.9950799999999769	28.64407844569905
0.9950899999999768	28.64407844569905
0.9950999999999768	28.63429275907947
0.9951099999999767	28.618245979849235
0.9951199999999767	28.60513083155638
0.9951299999999766	28.592652222918332
0.9951399999999766	28.587363781718523
0.9951499999999766	28.57093350247851
0.9951599999999765	28.561297372294575
0.9951699999999765	28.561297372294575
0.9951799999999764	28.546915821110815
0.9951899999999764	28.546915821110815
0.9951999999999763	28.546915821110815
0.9952099999999763	28.525916644683093
0.9952199999999762	28.525916644683093
0.9952299999999762	28.510270170247168
0.9952399999999761	28.463265144577235
0.9952499999999761	28.435394809892387
0.995259999999976	28.435394809892387
0.995269999999976	28.435394809892387
0.995279999999976	28.41837311474046
0.9952899999999759	28.40622860783151
0.9952999999999759	28.40622860783151
0.9953099999999758	28.40622860783151
0.9953199999999758	28.375212159318835
0.9953299999999757	28.375212159318835
0.9953399999999757	28.353178313313038
0.9953499999999756	28.33609055758825
0.9953599999999756	28.33609055758825
0.9953699999999756	28.33609055758825
0.9953799999999755	28.33609055758825
0.9953899999999755	28.321310633173198
0.9953999999999754	28.305748415490598
0.9954099999999754	28.305748415490598
0.9954199999999753	28.2804423927646
0.9954299999999753	28.2804423927646
0.9954399999999752	28.265974520085365
0.9954499999999752	28.24063210499844
0.9954599999999751	28.24063210499844
0.9954699999999751	28.230360979525358
0.995479999999975	28.217764636812717
0.995489999999975	28.207795065207392
0.995499999999975	28.174933245716602
0.9955099999999749	28.174933245716602
0.9955199999999749	28.13425143839231
0.9955299999999748	28.087817104844362
0.9955399999999748	28.074304461790234
0.9955499999999747	28.074304461790234
0.9955599999999747	28.074304461790234
0.9955699999999746	28.073223056117058
0.9955799999999746	28.073223056117058
0.9955899999999746	28.05920416473782
0.9955999999999745	28.047790269212783
0.9956099999999745	28.02766260396129
0.9956199999999744	28.010161393167436
0.9956299999999744	27.997403781706453
0.9956399999999743	27.96763402301258
0.9956499999999743	27.96763402301258
0.9956599999999742	27.965736893898793
0.9956699999999742	27.956238615288385
0.9956799999999741	27.956238615288385
0.9956899999999741	27.941630716397412
0.995699999999974	27.90625111754889
0.995709999999974	27.893663668966838
0.995719999999974	27.86604549918229
0.9957299999999739	27.850305125079103
0.9957399999999739	27.82218796383495
0.9957499999999738	27.82218796383495
0.9957599999999738	27.781200125775285
0.9957699999999737	27.757223484999486
0.9957799999999737	27.757223484999486
0.9957899999999736	27.757223484999486
0.9957999999999736	27.741417603529044
0.9958099999999735	27.741417603529044
0.9958199999999735	27.714837526864358
0.9958299999999735	27.71379593162237
0.9958399999999734	27.71379593162237
0.9958499999999734	27.680665750600383
0.9958599999999733	27.646708103440687
0.9958699999999733	27.60715709122269
0.9958799999999732	27.592650141179547
0.9958899999999732	27.573085357978925
0.9958999999999731	27.573085357978925
0.9959099999999731	27.556533883869633
0.995919999999973	27.522585433520362
0.995929999999973	27.506425807796404
0.995939999999973	27.492084097661063
0.9959499999999729	27.463223393619046
0.9959599999999729	27.46299460129194
0.9959699999999728	27.46299460129194
0.9959799999999728	27.45263309375696
0.9959899999999727	27.431022515234872
0.9959999999999727	27.377442920294925
0.9960099999999726	27.345429692131802
0.9960199999999726	27.286741553520187
0.9960299999999725	27.286741553520187
0.9960399999999725	27.286741553520187
0.9960499999999725	27.286741553520187
0.9960599999999724	27.271560492639765
0.9960699999999724	27.240256258932277
0.9960799999999723	27.22366819688432
0.9960899999999723	27.20030319196485
0.9960999999999722	27.165343085949644
0.9961099999999722	27.122292857680804
0.9961199999999721	27.10847319203276
0.9961299999999721	27.094809253763742
0.996139999999972	27.07719985681433
0.996149999999972	27.06726327637989
0.996159999999972	27.053245716791935
0.9961699999999719	27.03557173448462
0.9961799999999719	27.03557173448462
0.9961899999999718	27.015437767904587
0.9961999999999718	27.005517694231457
0.9962099999999717	27.005517694231457
0.9962199999999717	26.98298113706369
0.9962299999999716	26.98298113706369
0.9962399999999716	26.967834844317622
0.9962499999999715	26.93701208202947
0.9962599999999715	26.89423595188964
0.9962699999999715	26.86954579322446
0.9962799999999714	26.853284612361676
0.9962899999999714	26.82422276778925
0.9962999999999713	26.78089851706136
0.9963099999999713	26.766052886907346
0.9963199999999712	26.72601532756198
0.9963299999999712	26.71012907667864
0.9963399999999711	26.646169135294258
0.9963499999999711	26.646169135294258
0.996359999999971	26.646169135294258
0.996369999999971	26.628904601739123
0.996379999999971	26.628904601739123
0.9963899999999709	26.618503753275945
0.9963999999999709	26.603594192483797
0.9964099999999708	26.603594192483797
0.9964199999999708	26.603594192483797
0.9964299999999707	26.589030252018347
0.9964399999999707	26.565087674365714
0.9964499999999706	26.565087674365714
0.9964599999999706	26.53563384916015
0.9964699999999705	26.520659581938162
0.9964799999999705	26.50486048352286
0.9964899999999705	26.475835603143423
0.9964999999999704	26.475835603143423
0.9965099999999704	26.46443102084413
0.9965199999999703	26.436563089902847
0.9965299999999703	26.42441992689237
0.9965399999999702	26.366129346604794
0.9965499999999702	26.366129346604794
0.9965599999999701	26.365906849727253
0.9965699999999701	26.352078276910106
0.99657999999997	26.352078276910106
0.99658999999997	26.325333768259952
0.99659999999997	26.325333768259952
0.9966099999999699	26.310186926033566
0.9966199999999699	26.29019609209172
0.9966299999999698	26.257360975481788
0.9966399999999698	26.24727713219727
0.9966499999999697	26.227534727155216
0.9966599999999697	26.211427417545565
0.9966699999999696	26.18807124808336
0.9966799999999696	26.17227250799442
0.9966899999999695	26.152146751022883
0.9966999999999695	26.13821260068471
0.9967099999999695	26.13821260068471
0.9967199999999694	26.13821260068471
0.9967299999999694	26.114408894403823
0.9967399999999693	26.10238000863137
0.9967499999999693	26.062693238220163
0.9967599999999692	26.048240839465507
0.9967699999999692	25.995988647240665
0.9967799999999691	25.979339119765427
0.9967899999999691	25.95588750650313
0.996799999999969	25.92587730453488
0.996809999999969	25.894318154800203
0.996819999999969	25.878236262846258
0.9968299999999689	25.86372406945702
0.9968399999999689	25.86372406945702
0.9968499999999688	25.86081608875793
0.9968599999999688	25.84330538406175
0.9968699999999687	25.77315263941091
0.9968799999999687	25.710714103906867
0.9968899999999686	25.67133407599431
0.9968999999999686	25.655845759689328
0.9969099999999685	25.64137892357212
0.9969199999999685	25.64137892357212
0.9969299999999685	25.60151971430423
0.9969399999999684	25.586637821912518
0.9969499999999684	25.560587123900405
0.9969599999999683	25.560587123900405
0.9969699999999683	25.53351656340783
0.9969799999999682	25.53351656340783
0.9969899999999682	25.53351656340783
0.9969999999999681	25.473387260853997
0.9970099999999681	25.46331159950023
0.997019999999968	25.446233577958992
0.997029999999968	25.41538279217457
0.997039999999968	25.414320388974375
0.9970499999999679	25.367821837940937
0.9970599999999679	25.34626080857379
0.9970699999999678	25.344992542921318
0.9970799999999678	25.34310443261893
0.9970899999999677	25.279950750342323
0.9970999999999677	25.26387288915248
0.9971099999999676	25.26369351430003
0.9971199999999676	25.21773009469871
0.9971299999999675	25.15501422064517
0.9971399999999675	25.118567345218253
0.9971499999999675	25.106587210690122
0.9971599999999674	25.09048957007144
0.9971699999999674	25.070566779022556
0.9971799999999673	25.062847656217855
0.9971899999999673	25.03499276565526
0.9971999999999672	24.986060766523224
0.9972099999999672	24.957944732179385
0.9972199999999671	24.928899405544144
0.9972299999999671	24.928899405544144
0.997239999999967	24.880894811843973
0.997249999999967	24.86403477566455
0.997259999999967	24.84856627604131
0.9972699999999669	24.835484705885392
0.9972799999999669	24.825828083810848
0.9972899999999668	24.763471536358338
0.9972999999999668	24.74845661783729
0.9973099999999667	24.68849300781403
0.9973199999999667	24.639455632326644
0.9973299999999666	24.639455632326644
0.9973399999999666	24.615291305837673
0.9973499999999665	24.574810254407566
0.9973599999999665	24.54888909498368
0.9973699999999665	24.539355360922855
0.9973799999999664	24.539355360922855
0.9973899999999664	24.48870265765254
0.9973999999999663	24.477266333085936
0.9974099999999663	24.4753843988492
0.9974199999999662	24.459537246750187
0.9974299999999662	24.441641591043663
0.9974399999999661	24.41015941977639
0.9974499999999661	24.36046960719068
0.997459999999966	24.358532998614464
0.997469999999966	24.358532998614464
0.997479999999966	24.358532998614464
0.9974899999999659	24.340482393183265
0.9974999999999659	24.26724911378369
0.9975099999999658	24.251241373733137
0.9975199999999658	24.21940478207216
0.9975299999999657	24.173157631323193
0.9975399999999657	24.16130080343828
0.9975499999999656	24.13770625730649
0.9975599999999656	24.122601633795057
0.9975699999999655	24.07280402620927
0.9975799999999655	24.025084303253607
0.9975899999999654	23.975481154890076
0.9975999999999654	23.959616208941952
0.9976099999999654	23.914889210396723
0.9976199999999653	23.886510988782902
0.9976299999999653	23.84208880326878
0.9976399999999652	23.77468763253819
0.9976499999999652	23.7430720698012
0.9976599999999651	23.728290415920128
0.9976699999999651	23.71328829842787
0.997679999999965	23.6875242317019
0.997689999999965	23.677091802090217
0.997699999999965	23.63563166613858
0.9977099999999649	23.5978427264763
0.9977199999999649	23.538313710681905
0.9977299999999648	23.510301008440365
0.9977399999999648	23.454260710246672
0.9977499999999647	23.39434054362755
0.9977599999999647	23.37916445839619
0.9977699999999646	23.347667450228982
0.9977799999999646	23.3252184774301
0.9977899999999645	23.31087614237731
0.9977999999999645	23.29127666554814
0.9978099999999644	23.23540277106622
0.9978199999999644	23.17383357489416
0.9978299999999644	23.14630003500315
0.9978399999999643	23.14630003500315
0.9978499999999643	23.11810182541194
0.9978599999999642	23.09260532486769
0.9978699999999642	23.04971159848901
0.9978799999999641	22.98690831049862
0.9978899999999641	22.969300874914552
0.997899999999964	22.9282264136109
0.997909999999964	22.87088701024004
0.997919999999964	22.84364622446992
0.9979299999999639	22.81418929609754
0.9979399999999639	22.784528723799667
0.9979499999999638	22.772742820785425
0.9979599999999638	22.711274811879775
0.9979699999999637	22.669378443502865
0.9979799999999637	22.65444477449455
0.9979899999999636	22.63441233697631
0.9979999999999636	22.63441233697631
0.9980099999999635	22.620264093273363
0.9980199999999635	22.59388199960631
0.9980299999999634	22.55101707915128
0.9980399999999634	22.55101707915128
0.9980499999999634	22.484522619864947
0.9980599999999633	22.46062275080294
0.9980699999999633	22.38758536579371
0.9980799999999632	22.355800378716594
0.9980899999999632	22.26859115937077
0.9980999999999631	22.252730629754296
0.9981099999999631	22.231137524706355
0.998119999999963	22.20574618642968
0.998129999999963	22.19126356066954
0.998139999999963	22.18089355947268
0.9981499999999629	22.133599384569607
0.9981599999999629	22.10262506361869
0.9981699999999628	22.056731533257334
0.9981799999999628	22.024870447812646
0.9981899999999627	21.974813316946893
0.9981999999999627	21.89833743753661
0.9982099999999626	21.82076386594963
0.9982199999999626	21.796497620000082
0.9982299999999625	21.74957964877649
0.9982399999999625	21.72299829759686
0.9982499999999624	21.68925990612297
0.9982599999999624	21.64612352178483
0.9982699999999624	21.61554532480477
0.9982799999999623	21.574246653179216
0.9982899999999623	21.559262396591294
0.9982999999999622	21.520286426703024
0.9983099999999622	21.437546090977776
0.9983199999999621	21.42104364518127
0.9983299999999621	21.3914904273679
0.998339999999962	21.364902439816433
0.998349999999962	21.298993454603988
0.998359999999962	21.201542283581148
0.9983699999999619	21.170277374969373
0.9983799999999619	21.083824681596525
0.9983899999999618	21.06667472656227
0.9983999999999618	21.034165807546742
0.9984099999999617	20.93373527984477
0.9984199999999617	20.851060908300497
0.9984299999999616	20.79806899839423
0.9984399999999616	20.762060462509908
0.9984499999999615	20.70458598249934
0.9984599999999615	20.66125135870061
0.9984699999999614	20.637693217968263
0.9984799999999614	20.586399987352706
0.9984899999999614	20.578364688915826
0.9984999999999613	20.503607302916862
0.9985099999999613	20.427426732157983
0.9985199999999612	20.39540937689344
0.9985299999999612	20.31055302039931
0.9985399999999611	20.23381697626064
0.9985499999999611	20.207312200751403
0.998559999999961	20.14804929548154
0.998569999999961	20.102389848392704
0.9985799999999609	20.066215441163877
0.9985899999999609	19.987168980364004
0.9985999999999609	19.945116746772328
0.9986099999999608	19.888965556581752
0.9986199999999608	19.85444726068272
0.9986299999999607	19.789188765988
0.9986399999999607	19.74362328666939
0.9986499999999606	19.62929871709821
0.9986599999999606	19.599224800092998
0.9986699999999605	19.568584026967073
0.9986799999999605	19.51520157718369
0.9986899999999604	19.410478439147482
0.9986999999999604	19.37189802442481
0.9987099999999604	19.308112522843658
0.9987199999999603	19.253941864497392
0.9987299999999603	19.186322881630986
0.9987399999999602	19.112529894127874
0.9987499999999602	19.048892168118982
0.9987599999999601	18.97684041017237
0.9987699999999601	18.903410745575457
0.99877999999996	18.87702912403074
0.99878999999996	18.812910111935707
0.9987999999999599	18.698053927242654
0.9988099999999599	18.64244001390216
0.9988199999999599	18.5933201660755
0.9988299999999598	18.5551458143982
0.9988399999999598	18.493647541816244
0.9988499999999597	18.46244870402188
0.9988599999999597	18.34629226076686
0.9988699999999596	18.264424432500164
0.9988799999999596	18.205355459323982
0.9988899999999595	18.14794424871252
0.9988999999999595	18.11802004972742
0.9989099999999594	18.04401619030432
0.9989199999999594	17.903656281030635
0.9989299999999594	17.858621079672957
0.9989399999999593	17.740720994968797
0.9989499999999593	17.64814330005356
0.9989599999999592	17.539707612997518
0.9989699999999592	17.50040487996921
0.9989799999999591	17.41240379190458
0.9989899999999591	17.318510273233187
0.998999999999959	17.274338800221813
0.999009999999959	17.173361997813117
0.9990199999999589	17.004687445931268
0.9990299999999589	16.941957201570403
0.9990399999999588	16.864577479422223
0.9990499999999588	16.70296191493435
0.9990599999999588	16.600005780108404
0.9990699999999587	16.512521457532785
0.9990799999999587	16.459568668762586
0.9990899999999586	16.371353244898273
0.9990999999999586	16.303065428592163
0.9991099999999585	16.243033404543894
0.9991199999999585	16.1537582642286
0.9991299999999584	16.097740798339146
0.9991399999999584	15.960408684559297
0.9991499999999583	15.800022118952256
0.9991599999999583	15.694853301940384
0.9991699999999583	15.59433605774575
0.9991799999999582	15.565161128261025
0.9991899999999582	15.440366466727937
0.9991999999999581	15.344512422767366
0.9992099999999581	15.279503976193155
0.999219999999958	15.190430764307166
0.999229999999958	15.122244623687948
0.9992399999999579	15.04027920981207
0.9992499999999579	14.929195644066567
0.9992599999999578	14.74548821310782
0.9992699999999578	14.633693092933754
0.9992799999999578	14.489366541232812
0.9992899999999577	14.370233299641768
0.9992999999999577	14.249716268352131
0.9993099999999576	14.162554900593022
0.9993199999999576	14.034543890005807
0.9993299999999575	13.950318819692257
0.9993399999999575	13.863201821537587
0.9993499999999574	13.803998112411136
0.9993599999999574	13.583702943020398
0.9993699999999573	13.533922928118045
0.9993799999999573	13.474325828976362
0.9993899999999573	13.347630189464326
0.9993999999999572	13.239833476045533
0.9994099999999572	13.061675714352532
0.9994199999999571	12.974624591903194
0.9994299999999571	12.841087093600436
0.999439999999957	12.69922132699321
0.999449999999957	12.659731288580588
0.9994599999999569	12.584790734088529
0.9994699999999569	12.495546827072758
0.9994799999999568	12.271176354939598
0.9994899999999568	12.080717980317786
0.9994999999999568	11.946582597136512
0.9995099999999567	11.848966052328251
0.9995199999999567	11.717094135858133
0.9995299999999566	11.58234215822631
0.9995399999999566	11.444350198065877
0.9995499999999565	11.297287007948398
0.9995599999999565	11.15738709845209
0.9995699999999564	11.03873350102549
0.9995799999999564	10.789641725403271
0.9995899999999563	10.645907100575641
0.9995999999999563	10.48384367237486
0.9996099999999563	10.25513853967459
0.9996199999999562	10.15258664459725
0.9996299999999562	9.902949381003054
0.9996399999999561	9.752557196678026
0.9996499999999561	9.555255304114326
0.999659999999956	9.436949481309057
0.999669999999956	9.176846559765181
0.9996799999999559	8.952226282703123
0.9996899999999559	8.797784530872377
0.9996999999999558	8.63192889603124
0.9997099999999558	8.42294075872087
0.9997199999999558	8.19380685834949
0.9997299999999557	7.996341231244514
0.9997399999999557	7.8611918093756685
0.9997499999999556	7.684787953034174
0.9997599999999556	7.3371844759767555
0.9997699999999555	7.016487544695337
0.9997799999999555	6.753290644819572
0.9997899999999554	6.488951362409352
0.9997999999999554	6.319665390388764
0.9998099999999553	6.061006038249616
0.9998199999999553	5.800886111483123
0.9998299999999553	5.636198208118003
0.9998399999999552	5.351164915049594
0.9998499999999552	5.041457322080532
0.9998599999999551	4.831212858833169
0.9998699999999551	4.503493415500998
0.999879999999955	4.212211120484426
0.999889999999955	3.9526208461065835
0.9998999999999549	3.5532141859621333
0.9999099999999549	3.194455625347473
0.9999199999999548	2.944180835129373
0.9999299999999548	2.640906725955574
0.9999399999999548	2.2847654565739504
0.9999499999999547	1.831164161038032
0.9999599999999547	1.3682120203193335
0.9999699999999546	1.0426504961833416
0.9999799999999546	0.7554769209273218
0.9999899999999545	0.3772099605157564
0.9999999999999545	0.05630980059504509
1.0000099999999543	0
