0.0	25.904539429820943
0.01	25.90192857245529
0.02	25.85952277551951
0.03	25.834423626778516
0.04	25.75858217012683
0.05	25.71425432619253
0.06	25.68622049654914
0.07	25.65296249290077
0.08	25.628576565190087
0.09	25.58767129818989
0.1	25.519607189698945
0.11	25.51138646214349
0.12	25.508812232785203
0.13	25.491209539495685
0.14	25.469788271495418
0.15	25.46380166525887
0.16	25.46380166525887
0.17	25.443585660335884
0.18	25.42949493371816
0.19	25.399813744732455
0.2	25.350115032893882
0.21	25.341304936502638
0.22	25.307690017447385
0.23	25.299063940123233
0.24	25.276603086442265
0.25	25.247165972423318
0.26	25.228627842907372
0.27	25.200709351394835
0.28	25.16519370075366
0.29	25.12813959416053
0.3	25.112001515515658
0.31	25.11166477610641
0.32	25.055386057005308
0.33	25.041832643180896
0.34	25.033347517308357
0.35000000000000003	25.027676902971507
0.36	25.011833654045404
0.37	25.00437755425628
0.38	24.976702579382618
0.39	24.956091176789414
0.4	24.939877592098128
0.41000000000000003	24.939877592098128
0.42	24.91998194025473
0.43	24.906495436631303
0.44	24.88926939626799
0.45	24.881873031217765
0.46	24.871885074140664
0.47000000000000003	24.862384220714375
0.48	24.832258876542255
0.49	24.78982954019557
0.5	24.77931583033751
0.51	24.764838847926512
0.52	24.7407462523679
0.53	24.73850300763843
0.54	24.73023687438217
0.55	24.73023687438217
0.56	24.72353908927289
0.5700000000000001	24.72353908927289
0.58	24.685083136848334
0.59	24.67841010396478
0.6	24.638814610449117
0.61	24.628201074918252
0.62	24.628201074918252
0.63	24.587661712916088
0.64	24.561860103587605
0.65	24.561860103587605
0.66	24.531452426183023
0.67	24.528759052007445
0.68	24.508560604377635
0.6900000000000001	24.50320822462345
0.7000000000000001	24.4898230857998
0.71	24.453097680661813
0.72	24.44488916926457
0.73	24.434539195228353
0.74	24.41004365783556
0.75	24.362076086768866
0.76	24.32792260854876
0.77	24.31391488652116
0.78	24.262647524088607
0.79	24.262647524088607
0.8	24.224256442006663
0.81	24.186035336539135
0.8200000000000001	24.18515783649309
0.8300000000000001	24.17172227411902
0.84	24.11860310922748
0.85	24.08857113945669
0.86	24.05552208750123
0.87	23.977205354667603
0.88	23.880377244151532
0.89	23.81217366731107
0.9	23.73294209715641
0.91	23.67825251728027
0.92	23.580612048774128
0.93	23.47513210753641
0.9400000000000001	23.356557047647584
0.9500000000000001	23.178657470891267
0.96	22.928339470798164
0.97	22.678821588264327
0.98	22.385135173457456
0.99	21.68710429167004
0.99001	21.68710429167004
0.9900199999999999	21.68710429167004
0.9900299999999999	21.68710429167004
0.9900399999999998	21.68710429167004
0.9900499999999998	21.68710429167004
0.9900599999999997	21.68710429167004
0.9900699999999997	21.68710429167004
0.9900799999999996	21.68710429167004
0.9900899999999996	21.68710429167004
0.9900999999999995	21.68710429167004
0.9901099999999995	21.68710429167004
0.9901199999999994	21.678185509905234
0.9901299999999994	21.678185509905234
0.9901399999999994	21.678185509905234
0.9901499999999993	21.678185509905234
0.9901599999999993	21.678185509905234
0.9901699999999992	21.678185509905234
0.9901799999999992	21.678185509905234
0.9901899999999991	21.678185509905234
0.9901999999999991	21.678185509905234
0.990209999999999	21.672777137175217
0.990219999999999	21.672777137175217
0.9902299999999989	21.672777137175217
0.9902399999999989	21.672777137175217
0.9902499999999989	21.668375139512136
0.9902599999999988	21.668375139512136
0.9902699999999988	21.668375139512136
0.9902799999999987	21.659874023325756
0.9902899999999987	21.659874023325756
0.9902999999999986	21.65351810717584
0.9903099999999986	21.65351810717584
0.9903199999999985	21.65351810717584
0.9903299999999985	21.65351810717584
0.9903399999999984	21.645138010770097
0.9903499999999984	21.628436315260842
0.9903599999999984	21.628436315260842
0.9903699999999983	21.628436315260842
0.9903799999999983	21.628436315260842
0.9903899999999982	21.62003079374881
0.9903999999999982	21.614725103989258
0.9904099999999981	21.606398046404138
0.9904199999999981	21.606398046404138
0.990429999999998	21.606398046404138
0.990439999999998	21.606398046404138
0.9904499999999979	21.606398046404138
0.9904599999999979	21.606398046404138
0.9904699999999979	21.606398046404138
0.9904799999999978	21.600157450340703
0.9904899999999978	21.59996017159756
0.9904999999999977	21.59996017159756
0.9905099999999977	21.59996017159756
0.9905199999999976	21.59996017159756
0.9905299999999976	21.59996017159756
0.9905399999999975	21.594579917358715
0.9905499999999975	21.586825110929567
0.9905599999999974	21.586825110929567
0.9905699999999974	21.586825110929567
0.9905799999999974	21.578955550978208
0.9905899999999973	21.578955550978208
0.9905999999999973	21.578955550978208
0.9906099999999972	21.578955550978208
0.9906199999999972	21.578955550978208
0.9906299999999971	21.578955550978208
0.9906399999999971	21.578955550978208
0.990649999999997	21.578955550978208
0.990659999999997	21.578955550978208
0.9906699999999969	21.578955550978208
0.9906799999999969	21.578955550978208
0.9906899999999969	21.578955550978208
0.9906999999999968	21.578955550978208
0.9907099999999968	21.578955550978208
0.9907199999999967	21.578955550978208
0.9907299999999967	21.578955550978208
0.9907399999999966	21.578955550978208
0.9907499999999966	21.573621442375952
0.9907599999999965	21.573621442375952
0.9907699999999965	21.565284562131637
0.9907799999999964	21.565284562131637
0.9907899999999964	21.565284562131637
0.9907999999999964	21.565284562131637
0.9908099999999963	21.565284562131637
0.9908199999999963	21.565284562131637
0.9908299999999962	21.565284562131637
0.9908399999999962	21.56506027276373
0.9908499999999961	21.56506027276373
0.9908599999999961	21.56506027276373
0.990869999999996	21.557698362457813
0.990879999999996	21.542993468649
0.9908899999999959	21.542993468649
0.9908999999999959	21.542993468649
0.9909099999999958	21.542993468649
0.9909199999999958	21.535560379687013
0.9909299999999958	21.535560379687013
0.9909399999999957	21.530268297481598
0.9909499999999957	21.530268297481598
0.9909599999999956	21.530268297481598
0.9909699999999956	21.530268297481598
0.9909799999999955	21.51819114708087
0.9909899999999955	21.51156851271844
0.9909999999999954	21.51156851271844
0.9910099999999954	21.51156851271844
0.9910199999999953	21.51156851271844
0.9910299999999953	21.51156851271844
0.9910399999999953	21.503581236067475
0.9910499999999952	21.49447463541037
0.9910599999999952	21.49447463541037
0.9910699999999951	21.49447463541037
0.9910799999999951	21.49447463541037
0.991089999999995	21.49447463541037
0.991099999999995	21.49447463541037
0.9911099999999949	21.49447463541037
0.9911199999999949	21.48256994732401
0.9911299999999948	21.48256994732401
0.9911399999999948	21.48256994732401
0.9911499999999948	21.48256994732401
0.9911599999999947	21.48256994732401
0.9911699999999947	21.48256994732401
0.9911799999999946	21.48256994732401
0.9911899999999946	21.47429087799719
0.9911999999999945	21.4658541609042
0.9912099999999945	21.4658541609042
0.9912199999999944	21.458492171435864
0.9912299999999944	21.455263360354365
0.9912399999999943	21.455263360354365
0.9912499999999943	21.455263360354365
0.9912599999999943	21.455263360354365
0.9912699999999942	21.455263360354365
0.9912799999999942	21.455263360354365
0.9912899999999941	21.455263360354365
0.9912999999999941	21.455263360354365
0.991309999999994	21.447970224029632
0.991319999999994	21.441253652281375
0.9913299999999939	21.441253652281375
0.9913399999999939	21.432481692589135
0.9913499999999938	21.424462671808215
0.9913599999999938	21.424462671808215
0.9913699999999938	21.424462671808215
0.9913799999999937	21.424462671808215
0.9913899999999937	21.424462671808215
0.9913999999999936	21.424462671808215
0.9914099999999936	21.424462671808215
0.9914199999999935	21.424462671808215
0.9914299999999935	21.41404373007572
0.9914399999999934	21.41076495959169
0.9914499999999934	21.41076495959169
0.9914599999999933	21.39620310389182
0.9914699999999933	21.39620310389182
0.9914799999999933	21.39620310389182
0.9914899999999932	21.39620310389182
0.9914999999999932	21.39620310389182
0.9915099999999931	21.39620310389182
0.9915199999999931	21.39620310389182
0.991529999999993	21.39620310389182
0.991539999999993	21.39620310389182
0.9915499999999929	21.389882111407132
0.9915599999999929	21.389882111407132
0.9915699999999928	21.381735902696164
0.9915799999999928	21.381735902696164
0.9915899999999928	21.381735902696164
0.9915999999999927	21.374141637186767
0.9916099999999927	21.374141637186767
0.9916199999999926	21.374141637186767
0.9916299999999926	21.365604516069652
0.9916399999999925	21.365604516069652
0.9916499999999925	21.35875920480794
0.9916599999999924	21.351097954388024
0.9916699999999924	21.342735208521844
0.9916799999999923	21.33704304643652
0.9916899999999923	21.33704304643652
0.9916999999999923	21.33704304643652
0.9917099999999922	21.33082072012803
0.9917199999999922	21.33082072012803
0.9917299999999921	21.33082072012803
0.9917399999999921	21.33082072012803
0.991749999999992	21.33082072012803
0.991759999999992	21.33082072012803
0.9917699999999919	21.33082072012803
0.9917799999999919	21.322260231196196
0.9917899999999918	21.322260231196196
0.9917999999999918	21.322260231196196
0.9918099999999918	21.322260231196196
0.9918199999999917	21.322260231196196
0.9918299999999917	21.322260231196196
0.9918399999999916	21.316151954650195
0.9918499999999916	21.316151954650195
0.9918599999999915	21.308106137856157
0.9918699999999915	21.308106137856157
0.9918799999999914	21.308106137856157
0.9918899999999914	21.300804016596885
0.9918999999999913	21.300804016596885
0.9919099999999913	21.300804016596885
0.9919199999999913	21.300804016596885
0.9919299999999912	21.300804016596885
0.9919399999999912	21.300804016596885
0.9919499999999911	21.300804016596885
0.9919599999999911	21.300804016596885
0.991969999999991	21.29306468595496
0.991979999999991	21.29306468595496
0.9919899999999909	21.29306468595496
0.9919999999999909	21.29306468595496
0.9920099999999908	21.29306468595496
0.9920199999999908	21.29306468595496
0.9920299999999908	21.29306468595496
0.9920399999999907	21.29306468595496
0.9920499999999907	21.29306468595496
0.9920599999999906	21.29306468595496
0.9920699999999906	21.287271846967997
0.9920799999999905	21.287271846967997
0.9920899999999905	21.287271846967997
0.9920999999999904	21.279264795544805
0.9921099999999904	21.270978983442546
0.9921199999999903	21.270978983442546
0.9921299999999903	21.270978983442546
0.9921399999999903	21.270978983442546
0.9921499999999902	21.26860401943304
0.9921599999999902	21.26860401943304
0.9921699999999901	21.26860401943304
0.9921799999999901	21.260361251197537
0.99218999999999	21.251230581439813
0.99219999999999	21.251230581439813
0.9922099999999899	21.232101049981793
0.9922199999999899	21.232101049981793
0.9922299999999898	21.226062896146686
0.9922399999999898	21.226062896146686
0.9922499999999898	21.226062896146686
0.9922599999999897	21.219687473911108
0.9922699999999897	21.211760958607556
0.9922799999999896	21.211760958607556
0.9922899999999896	21.203459985505106
0.9922999999999895	21.203459985505106
0.9923099999999895	21.195137282784344
0.9923199999999894	21.195137282784344
0.9923299999999894	21.195137282784344
0.9923399999999893	21.195137282784344
0.9923499999999893	21.195137282784344
0.9923599999999893	21.187290374140503
0.9923699999999892	21.18706145237411
0.9923799999999892	21.18706145237411
0.9923899999999891	21.18706145237411
0.9923999999999891	21.181711814433584
0.992409999999989	21.181711814433584
0.992419999999989	21.181711814433584
0.9924299999999889	21.181711814433584
0.9924399999999889	21.181711814433584
0.9924499999999888	21.16468896257902
0.9924599999999888	21.15949345759327
0.9924699999999888	21.15949345759327
0.9924799999999887	21.15949345759327
0.9924899999999887	21.15949345759327
0.9924999999999886	21.150601613402614
0.9925099999999886	21.14973315696443
0.9925199999999885	21.14973315696443
0.9925299999999885	21.141554320298383
0.9925399999999884	21.136552921563634
0.9925499999999884	21.13332620316396
0.9925599999999883	21.10985029448966
0.9925699999999883	21.09890214686493
0.9925799999999882	21.09890214686493
0.9925899999999882	21.09890214686493
0.9925999999999882	21.09890214686493
0.9926099999999881	21.09890214686493
0.9926199999999881	21.09890214686493
0.992629999999988	21.09890214686493
0.992639999999988	21.09033967700998
0.9926499999999879	21.09033967700998
0.9926599999999879	21.09033967700998
0.9926699999999878	21.09033967700998
0.9926799999999878	21.09033967700998
0.9926899999999877	21.09033967700998
0.9926999999999877	21.09033967700998
0.9927099999999877	21.083589258671054
0.9927199999999876	21.08339365886968
0.9927299999999876	21.08339365886968
0.9927399999999875	21.08339365886968
0.9927499999999875	21.08339365886968
0.9927599999999874	21.080750404284117
0.9927699999999874	21.07214084210318
0.9927799999999873	21.07214084210318
0.9927899999999873	21.07214084210318
0.9927999999999872	21.07214084210318
0.9928099999999872	21.07214084210318
0.9928199999999872	21.063570053674994
0.9928299999999871	21.063345564625706
0.9928399999999871	21.063345564625706
0.992849999999987	21.063345564625706
0.992859999999987	21.05505980747148
0.9928699999999869	21.05505980747148
0.9928799999999869	21.05505980747148
0.9928899999999868	21.05505980747148
0.9928999999999868	21.05505980747148
0.9929099999999867	21.05505980747148
0.9929199999999867	21.05505980747148
0.9929299999999867	21.05505980747148
0.9929399999999866	21.05505980747148
0.9929499999999866	21.05505980747148
0.9929599999999865	21.05505980747148
0.9929699999999865	21.05505980747148
0.9929799999999864	21.052920352356523
0.9929899999999864	21.04148242125848
0.9929999999999863	21.04148242125848
0.9930099999999863	21.04148242125848
0.9930199999999862	21.03306443213114
0.9930299999999862	21.03306443213114
0.9930399999999862	21.03306443213114
0.9930499999999861	21.03306443213114
0.9930599999999861	21.03306443213114
0.993069999999986	21.03306443213114
0.993079999999986	21.024119381481796
0.9930899999999859	21.024119381481796
0.9930999999999859	21.024119381481796
0.9931099999999858	21.024119381481796
0.9931199999999858	21.016810333045214
0.9931299999999857	21.016810333045214
0.9931399999999857	21.016810333045214
0.9931499999999857	21.016810333045214
0.9931599999999856	21.016810333045214
0.9931699999999856	21.016810333045214
0.9931799999999855	21.016810333045214
0.9931899999999855	21.01097366555223
0.9931999999999854	21.01097366555223
0.9932099999999854	21.01097366555223
0.9932199999999853	21.01097366555223
0.9932299999999853	21.01097366555223
0.9932399999999852	21.01097366555223
0.9932499999999852	21.01097366555223
0.9932599999999852	20.997598969706814
0.9932699999999851	20.997598969706814
0.9932799999999851	20.997598969706814
0.993289999999985	20.997598969706814
0.993299999999985	20.98892531949423
0.9933099999999849	20.98892531949423
0.9933199999999849	20.98892531949423
0.9933299999999848	20.987510463668514
0.9933399999999848	20.981661175357658
0.9933499999999847	20.981661175357658
0.9933599999999847	20.972498489523787
0.9933699999999847	20.955023952739793
0.9933799999999846	20.955023952739793
0.9933899999999846	20.955023952739793
0.9933999999999845	20.94081078700583
0.9934099999999845	20.94081078700583
0.9934199999999844	20.94081078700583
0.9934299999999844	20.94081078700583
0.9934399999999843	20.94081078700583
0.9934499999999843	20.94081078700583
0.9934599999999842	20.92452867746215
0.9934699999999842	20.92452867746215
0.9934799999999842	20.92452867746215
0.9934899999999841	20.910486231072355
0.9934999999999841	20.901535503080595
0.993509999999984	20.901535503080595
0.993519999999984	20.901535503080595
0.9935299999999839	20.89663292325895
0.9935399999999839	20.89663292325895
0.9935499999999838	20.89663292325895
0.9935599999999838	20.89132656155016
0.9935699999999837	20.882134718800444
0.9935799999999837	20.876812530661482
0.9935899999999837	20.868442438522834
0.9935999999999836	20.862176104428727
0.9936099999999836	20.855954148786623
0.9936199999999835	20.830995841863114
0.9936299999999835	20.816683121005553
0.9936399999999834	20.811342847513515
0.9936499999999834	20.811342847513515
0.9936599999999833	20.804018036442358
0.9936699999999833	20.791591118535507
0.9936799999999832	20.791591118535507
0.9936899999999832	20.7831656099097
0.9936999999999832	20.77552380038287
0.9937099999999831	20.767964682056117
0.9937199999999831	20.767964682056117
0.993729999999983	20.767964682056117
0.993739999999983	20.767964682056117
0.9937499999999829	20.753205239752788
0.9937599999999829	20.753205239752788
0.9937699999999828	20.753205239752788
0.9937799999999828	20.753205239752788
0.9937899999999827	20.739355607403922
0.9937999999999827	20.731115038021017
0.9938099999999827	20.731115038021017
0.9938199999999826	20.728597306393567
0.9938299999999826	20.723203592680875
0.9938399999999825	20.723203592680875
0.9938499999999825	20.723203592680875
0.9938599999999824	20.712283432230834
0.9938699999999824	20.712283432230834
0.9938799999999823	20.712192863846212
0.9938899999999823	20.712192863846212
0.9938999999999822	20.697709045527517
0.9939099999999822	20.697709045527517
0.9939199999999822	20.68948658757472
0.9939299999999821	20.68948658757472
0.9939399999999821	20.675767216054737
0.993949999999982	20.675767216054737
0.993959999999982	20.658379973998308
0.9939699999999819	20.658379973998308
0.9939799999999819	20.657496405978236
0.9939899999999818	20.64942042457733
0.9939999999999818	20.64942042457733
0.9940099999999817	20.641081945252154
0.9940199999999817	20.641081945252154
0.9940299999999817	20.641081945252154
0.9940399999999816	20.641081945252154
0.9940499999999816	20.629765337545905
0.9940599999999815	20.621077734258506
0.9940699999999815	20.621077734258506
0.9940799999999814	20.604526084129247
0.9940899999999814	20.604526084129247
0.9940999999999813	20.60314252993885
0.9941099999999813	20.59483243269824
0.9941199999999812	20.58884596243479
0.9941299999999812	20.58884596243479
0.9941399999999811	20.587450720495326
0.9941499999999811	20.578450824667016
0.9941599999999811	20.570692931834856
0.994169999999981	20.570692931834856
0.994179999999981	20.56234549598048
0.9941899999999809	20.56234549598048
0.9941999999999809	20.55556868721942
0.9942099999999808	20.55556868721942
0.9942199999999808	20.55556868721942
0.9942299999999807	20.5489111780862
0.9942399999999807	20.5489111780862
0.9942499999999806	20.53999890626619
0.9942599999999806	20.53999890626619
0.9942699999999806	20.53999890626619
0.9942799999999805	20.53130854253868
0.9942899999999805	20.509643909588704
0.9942999999999804	20.509643909588704
0.9943099999999804	20.509643909588704
0.9943199999999803	20.509643909588704
0.9943299999999803	20.509643909588704
0.9943399999999802	20.502823606666425
0.9943499999999802	20.494298369225362
0.9943599999999801	20.494298369225362
0.9943699999999801	20.494298369225362
0.9943799999999801	20.49383017313994
0.99438999999998	20.49383017313994
0.99439999999998	20.49383017313994
0.9944099999999799	20.47339983270831
0.9944199999999799	20.47339983270831
0.9944299999999798	20.47339983270831
0.9944399999999798	20.47339983270831
0.9944499999999797	20.47339983270831
0.9944599999999797	20.46481358618803
0.9944699999999796	20.450819789761226
0.9944799999999796	20.450819789761226
0.9944899999999796	20.445596349871266
0.9944999999999795	20.445596349871266
0.9945099999999795	20.445596349871266
0.9945199999999794	20.445596349871266
0.9945299999999794	20.437717120608795
0.9945399999999793	20.437717120608795
0.9945499999999793	20.437717120608795
0.9945599999999792	20.42384091948952
0.9945699999999792	20.418566103073317
0.9945799999999791	20.40998464355107
0.9945899999999791	20.40998464355107
0.9945999999999791	20.40998464355107
0.994609999999979	20.40998464355107
0.994619999999979	20.39117482302572
0.9946299999999789	20.39117482302572
0.9946399999999789	20.39117482302572
0.9946499999999788	20.39117482302572
0.9946599999999788	20.382708554136116
0.9946699999999787	20.382708554136116
0.9946799999999787	20.382708554136116
0.9946899999999786	20.382708554136116
0.9946999999999786	20.382708554136116
0.9947099999999786	20.382708554136116
0.9947199999999785	20.367409844397116
0.9947299999999785	20.367409844397116
0.9947399999999784	20.367409844397116
0.9947499999999784	20.3570889099301
0.9947599999999783	20.3570889099301
0.9947699999999783	20.349015502704788
0.9947799999999782	20.33962338951278
0.9947899999999782	20.322802402495654
0.9947999999999781	20.306922024066807
0.9948099999999781	20.306922024066807
0.994819999999978	20.30160230765796
0.994829999999978	20.30160230765796
0.994839999999978	20.30160230765796
0.9948499999999779	20.30160230765796
0.9948599999999779	20.30160230765796
0.9948699999999778	20.295552808742286
0.9948799999999778	20.28921728098976
0.9948899999999777	20.28921728098976
0.9948999999999777	20.28921728098976
0.9949099999999776	20.28110037913757
0.9949199999999776	20.28110037913757
0.9949299999999776	20.264025975784534
0.9949399999999775	20.264025975784534
0.9949499999999775	20.249027561696494
0.9949599999999774	20.234912247231478
0.9949699999999774	20.234912247231478
0.9949799999999773	20.21831084538462
0.9949899999999773	20.21831084538462
0.9949999999999772	20.21046448994639
0.9950099999999772	20.20218745276543
0.9950199999999771	20.19379965711596
0.9950299999999771	20.19379965711596
0.995039999999977	20.185781024696553
0.995049999999977	20.185781024696553
0.995059999999977	20.1770113169423
0.9950699999999769	20.152875677982593
0.9950799999999769	20.146162133964026
0.9950899999999768	20.120222037026906
0.9950999999999768	20.104084813336158
0.9951099999999767	20.104084813336158
0.9951199999999767	20.094964074271047
0.9951299999999766	20.08664179995867
0.9951399999999766	20.08664179995867
0.9951499999999766	20.080572729299092
0.9951599999999765	20.073657302020365
0.9951699999999765	20.073657302020365
0.9951799999999764	20.056899833327407
0.9951899999999764	20.056899833327407
0.9951999999999763	20.048502852974707
0.9952099999999763	20.032010746954256
0.9952199999999762	20.01517159568357
0.9952299999999762	20.01517159568357
0.9952399999999761	20.006748832000085
0.9952499999999761	19.99791059799645
0.995259999999976	19.988832703495063
0.995269999999976	19.988832703495063
0.995279999999976	19.982694734057077
0.9952899999999759	19.968274896202274
0.9952999999999759	19.95425972871635
0.9953099999999758	19.95425972871635
0.9953199999999758	19.95425972871635
0.9953299999999757	19.9485620662399
0.9953399999999757	19.9485620662399
0.9953499999999756	19.9485620662399
0.9953599999999756	19.9485620662399
0.9953699999999756	19.9485620662399
0.9953799999999755	19.94330130720664
0.9953899999999755	19.94330130720664
0.9953999999999754	19.94330130720664
0.9954099999999754	19.93462874105353
0.9954199999999753	19.93462874105353
0.9954299999999753	19.93462874105353
0.9954399999999752	19.928439759818502
0.9954499999999752	19.908245607215576
0.9954599999999751	19.908245607215576
0.9954699999999751	19.9003505026285
0.995479999999975	19.883739464852624
0.995489999999975	19.875213320303374
0.995499999999975	19.86784031328898
0.9955099999999749	19.86784031328898
0.9955199999999749	19.856422610284426
0.9955299999999748	19.856422610284426
0.9955399999999748	19.856422610284426
0.9955499999999747	19.848056983837523
0.9955599999999747	19.848056983837523
0.9955699999999746	19.829748539888897
0.9955799999999746	19.829748539888897
0.9955899999999746	19.829748539888897
0.9955999999999745	19.821459527762272
0.9956099999999745	19.821459527762272
0.9956199999999744	19.821459527762272
0.9956299999999744	19.81311851337705
0.9956399999999743	19.81311851337705
0.9956499999999743	19.804703419731595
0.9956599999999742	19.79967648739148
0.9956699999999742	19.79967648739148
0.9956799999999741	19.79967648739148
0.9956899999999741	19.79967648739148
0.995699999999974	19.79157158842463
0.995709999999974	19.769592208025642
0.995719999999974	19.761349337344654
0.9957299999999739	19.755218304862865
0.9957399999999739	19.755218304862865
0.9957499999999738	19.748935227917173
0.9957599999999738	19.748935227917173
0.9957699999999737	19.743354670872577
0.9957799999999737	19.73534245247174
0.9957899999999736	19.71839621959407
0.9957999999999736	19.717771620600615
0.9958099999999735	19.702545177768116
0.9958199999999735	19.702545177768116
0.9958299999999735	19.702545177768116
0.9958399999999734	19.702545177768116
0.9958499999999734	19.702545177768116
0.9958599999999733	19.697184086888228
0.9958699999999733	19.691776435001884
0.9958799999999732	19.673233221861665
0.9958899999999732	19.673233221861665
0.9958999999999731	19.673233221861665
0.9959099999999731	19.656170176132946
0.995919999999973	19.656170176132946
0.995929999999973	19.656170176132946
0.995939999999973	19.656170176132946
0.9959499999999729	19.65476395564656
0.9959599999999729	19.654527995933677
0.9959699999999728	19.649931137531894
0.9959799999999728	19.641813339747387
0.9959899999999727	19.635566928040134
0.9959999999999727	19.627886764321374
0.9960099999999726	19.606359337072718
0.9960199999999726	19.591220386408168
0.9960299999999725	19.57326559032117
0.9960399999999725	19.54252079696198
0.9960499999999725	19.535942590877312
0.9960599999999724	19.53015794246494
0.9960699999999724	19.528090753965444
0.9960799999999723	19.513341845386094
0.9960899999999723	19.510784341395265
0.9960999999999722	19.490227022581166
0.9961099999999722	19.472609697049847
0.9961199999999721	19.46638160212933
0.9961299999999721	19.45908415843769
0.996139999999972	19.44642850889977
0.996149999999972	19.43816787230935
0.996159999999972	19.42641482309591
0.9961699999999719	19.41637837601047
0.9961799999999719	19.399156205758118
0.9961899999999718	19.366338535613977
0.9961999999999718	19.357327307045125
0.9962099999999717	19.357327307045125
0.9962199999999717	19.349674522813075
0.9962299999999716	19.34147237700563
0.9962399999999716	19.33300743408654
0.9962499999999715	19.316228688368938
0.9962599999999715	19.316228688368938
0.9962699999999715	19.31131565026044
0.9962799999999714	19.31131565026044
0.9962899999999714	19.3051860822834
0.9962999999999713	19.29717800826802
0.9963099999999713	19.288522104407093
0.9963199999999712	19.276779513014844
0.9963299999999712	19.26037428635209
0.9963399999999711	19.246569100441775
0.9963499999999711	19.241213296680144
0.996359999999971	19.223098430806203
0.996369999999971	19.19502040140833
0.996379999999971	19.188919604546754
0.9963899999999709	19.17679889199826
0.9963999999999709	19.169043750758647
0.9964099999999708	19.164089046209483
0.9964199999999708	19.155450635380475
0.9964299999999707	19.155450635380475
0.9964399999999707	19.12456464187744
0.9964499999999706	19.115950789093404
0.9964599999999706	19.108233221946648
0.9964699999999705	19.097798046796015
0.9964799999999705	19.060307041241686
0.9964899999999705	19.05981495623746
0.9964999999999704	19.04243707833848
0.9965099999999704	19.033441294823206
0.9965199999999703	19.01807144787199
0.9965299999999703	19.01250988468564
0.9965399999999702	19.00697357849458
0.9965499999999702	19.006747927664037
0.9965599999999701	19.006747927664037
0.9965699999999701	18.992148478197123
0.99657999999997	18.975597290935184
0.99658999999997	18.960070782954062
0.99659999999997	18.953482694139893
0.9966099999999699	18.953482694139893
0.9966199999999699	18.94558793507349
0.9966299999999698	18.94558793507349
0.9966399999999698	18.940220316088016
0.9966499999999697	18.92505831053313
0.9966599999999697	18.916394316273
0.9966699999999696	18.910313207337822
0.9966799999999696	18.8937332184596
0.9966899999999695	18.888175641799535
0.9966999999999695	18.877502111399735
0.9967099999999695	18.877502111399735
0.9967199999999694	18.86907690359112
0.9967299999999694	18.841036011612232
0.9967399999999693	18.830921247748847
0.9967499999999693	18.818942023122872
0.9967599999999692	18.80382168307733
0.9967699999999692	18.80382168307733
0.9967799999999691	18.782681957034583
0.9967899999999691	18.777035675624575
0.996799999999969	18.76165011539888
0.996809999999969	18.76165011539888
0.996819999999969	18.752913393227573
0.9968299999999689	18.74137655380946
0.9968399999999689	18.713080562332834
0.9968499999999688	18.713080562332834
0.9968599999999688	18.713080562332834
0.9968699999999687	18.70485157953408
0.9968799999999687	18.683937406314726
0.9968899999999686	18.683320350859503
0.9968999999999686	18.66190997083504
0.9969099999999685	18.652764215514253
0.9969199999999685	18.63620606661607
0.9969299999999685	18.629901689857434
0.9969399999999684	18.629901689857434
0.9969499999999684	18.58795004795138
0.9969599999999683	18.575049029032016
0.9969699999999683	18.566646107772613
0.9969799999999682	18.561280162839466
0.9969899999999682	18.55628429196986
0.9969999999999681	18.5303092378399
0.9970099999999681	18.5303092378399
0.997019999999968	18.494696579242373
0.997029999999968	18.472003583165133
0.997039999999968	18.459460187537843
0.9970499999999679	18.445762011522675
0.9970599999999679	18.432089593095952
0.9970699999999678	18.412077757364386
0.9970799999999678	18.383065038195127
0.9970899999999677	18.377544651893913
0.9970999999999677	18.372122258568197
0.9971099999999676	18.34594886974992
0.9971199999999676	18.335803963864237
0.9971299999999675	18.325712890286013
0.9971399999999675	18.325712890286013
0.9971499999999675	18.318113737195745
0.9971599999999674	18.290121534295395
0.9971699999999674	18.277956005573287
0.9971799999999673	18.277956005573287
0.9971899999999673	18.26497812654452
0.9971999999999672	18.240823385693147
0.9972099999999672	18.232121350631132
0.9972199999999671	18.19908386274801
0.9972299999999671	18.18609879437463
0.997239999999967	18.18609879437463
0.997249999999967	18.180159265679322
0.997259999999967	18.158552057147972
0.9972699999999669	18.142522641495816
0.9972799999999669	18.13391787190085
0.9972899999999668	18.12252781776806
0.9972999999999668	18.108551434148467
0.9973099999999667	18.108551434148467
0.9973199999999667	18.07186466539315
0.9973299999999666	18.046320637595272
0.9973399999999666	18.026302443258828
0.9973499999999665	18.010897877002208
0.9973599999999665	17.997295613242386
0.9973699999999665	17.949633356956838
0.9973799999999664	17.940690918667315
0.9973899999999664	17.92902166333988
0.9973999999999663	17.917564052857415
0.9974099999999663	17.88687322405349
0.9974199999999662	17.8811211029697
0.9974299999999662	17.82420114732122
0.9974399999999661	17.80960235222483
0.9974499999999661	17.795029627524855
0.997459999999966	17.77826784872923
0.997469999999966	17.771866849116122
0.997479999999966	17.757628642446434
0.9974899999999659	17.722524492028242
0.9974999999999659	17.677235897588616
0.9975099999999658	17.66992493860198
0.9975199999999658	17.653758433198163
0.9975299999999657	17.636479084338134
0.9975399999999657	17.636479084338134
0.9975499999999656	17.636479084338134
0.9975599999999656	17.62764637354303
0.9975699999999655	17.589842753210178
0.9975799999999655	17.57564925374936
0.9975899999999654	17.569248254136255
0.9975999999999654	17.549178647534063
0.9976099999999654	17.54082771083813
0.9976199999999653	17.515458424926692
0.9976299999999653	17.506754364238077
0.9976399999999652	17.487411786221855
0.9976499999999652	17.478672263563567
0.9976599999999651	17.459340044648343
0.9976699999999651	17.4534367391625
0.997679999999965	17.4534367391625
0.997689999999965	17.4534367391625
0.997699999999965	17.444860193298155
0.9977099999999649	17.429488500465595
0.9977199999999649	17.413117503632748
0.9977299999999648	17.406746408787512
0.9977399999999648	17.397910590168976
0.9977499999999647	17.391129712459588
0.9977599999999647	17.3822470623727
0.9977699999999646	17.3822470623727
0.9977799999999646	17.36056948962687
0.9977899999999645	17.349847363513618
0.9977999999999645	17.326083859168648
0.9978099999999644	17.272258762010097
0.9978199999999644	17.25948781540683
0.9978299999999644	17.227841529735088
0.9978399999999643	17.227841529735088
0.9978499999999643	17.22020855147457
0.9978599999999642	17.200202021487712
0.9978699999999642	17.194118626155614
0.9978799999999641	17.177173154168486
0.9978899999999641	17.155057732687055
0.997899999999964	17.14108378740093
0.997909999999964	17.13496945714178
0.997919999999964	17.111305904663823
0.9979299999999639	17.1091584673577
0.9979399999999639	17.097215566174782
0.9979499999999638	17.073042679434366
0.9979599999999638	17.04544474822069
0.9979699999999637	17.001961664152986
0.9979799999999637	16.98506879233355
0.9979899999999636	16.969611221780724
0.9979999999999636	16.95503668472702
0.9980099999999635	16.929467719835884
0.9980199999999635	16.89323264020095
0.9980299999999634	16.89323264020095
0.9980399999999634	16.85063460128913
0.9980499999999634	16.833510611528254
0.9980599999999633	16.814383903287307
0.9980699999999633	16.775953448146538
0.9980799999999632	16.751835119679527
0.9980899999999632	16.719558480546766
0.9980999999999631	16.70806716464176
0.9981099999999631	16.660698354129636
0.998119999999963	16.64307749166801
0.998129999999963	16.622961216491603
0.998139999999963	16.612239233103537
0.9981499999999629	16.575598369703584
0.9981599999999629	16.564428438085088
0.9981699999999628	16.529791737908454
0.9981799999999628	16.49330249428931
0.9981899999999627	16.46965710353288
0.9981999999999627	16.462246952114583
0.9982099999999626	16.448216198479713
0.9982199999999626	16.423928001198874
0.9982299999999625	16.388489332750396
0.9982399999999625	16.355935162633614
0.9982499999999624	16.355935162633614
0.9982599999999624	16.313419483836697
0.9982699999999624	16.29256006819378
0.9982799999999623	16.269412081923292
0.9982899999999623	16.239186852939383
0.9982999999999622	16.233594405684926
0.9983099999999622	16.233594405684926
0.9983199999999621	16.187406473081865
0.9983299999999621	16.135237865835734
0.998339999999962	16.095912947073884
0.998349999999962	16.08241331273348
0.998359999999962	16.05971527494148
0.9983699999999619	16.05971527494148
0.9983799999999619	16.008365509320356
0.9983899999999618	15.975959477584183
0.9983999999999618	15.962186350125194
0.9984099999999617	15.951219781405598
0.9984199999999617	15.911345442860693
0.9984299999999616	15.888248338525955
0.9984399999999616	15.859120721159343
0.9984499999999615	15.832714723585013
0.9984599999999615	15.823885766427338
0.9984699999999614	15.78666986209464
0.9984799999999614	15.771430691807836
0.9984899999999614	15.745942548952371
0.9984999999999613	15.707069047830373
0.9985099999999613	15.618997674073398
0.9985199999999612	15.591410277515024
0.9985299999999612	15.567766003414363
0.9985399999999611	15.529804932057232
0.9985499999999611	15.50084919987603
0.998559999999961	15.469208177573819
0.998569999999961	15.423312793880541
0.9985799999999609	15.405121671430607
0.9985899999999609	15.365970806147743
0.9985999999999609	15.357939521798471
0.9986099999999608	15.320477375777045
0.9986199999999608	15.272307724708298
0.9986299999999607	15.224929337609865
0.9986399999999607	15.216549242135443
0.9986499999999606	15.163936319049753
0.9986599999999606	15.123254757128962
0.9986699999999605	15.079893384232491
0.9986799999999605	15.059409122552097
0.9986899999999604	15.043374870541811
0.9986999999999604	14.995279219105214
0.9987099999999604	14.951925839401156
0.9987199999999603	14.910935862184488
0.9987299999999603	14.858620667093419
0.9987399999999602	14.837435515559264
0.9987499999999602	14.822246321191415
0.9987599999999601	14.787799510469995
0.9987699999999601	14.727106409327462
0.99877999999996	14.699432925355723
0.99878999999996	14.69261952632769
0.9987999999999599	14.671597754151662
0.9988099999999599	14.644810912524918
0.9988199999999599	14.563453834713073
0.9988299999999598	14.535133128263624
0.9988399999999598	14.496525692031355
0.9988499999999597	14.451696745329173
0.9988599999999597	14.41836032059473
0.9988699999999596	14.362210727505953
0.9988799999999596	14.326892268820302
0.9988899999999595	14.284926601661937
0.9988999999999595	14.237506152107017
0.9989099999999594	14.171559364824134
0.9989199999999594	14.135791327627885
0.9989299999999594	14.122041129330682
0.9989399999999593	14.076707730708222
0.9989499999999593	14.052300400273452
0.9989599999999592	13.977469240488062
0.9989699999999592	13.939928670120935
0.9989799999999591	13.892980310976782
0.9989899999999591	13.86570918353209
0.998999999999959	13.84916829087706
0.999009999999959	13.831610931809337
0.9990199999999589	13.793354583698601
0.9990299999999589	13.749670371375032
0.9990399999999588	13.691490974217231
0.9990499999999588	13.66261567681613
0.9990599999999588	13.617865847218127
0.9990699999999587	13.581558161049543
0.9990799999999587	13.53146733739959
0.9990899999999586	13.508708795392522
0.9990999999999586	13.441210777649758
0.9991099999999585	13.382895582404672
0.9991199999999585	13.294822016780017
0.9991299999999584	13.259517587945084
0.9991399999999584	13.212526004461324
0.9991499999999583	13.166627074291682
0.9991599999999583	13.10930682252183
0.9991699999999583	13.008575144040151
0.9991799999999582	12.926030210035606
0.9991899999999582	12.840459199765974
0.9991999999999581	12.791422432897889
0.9992099999999581	12.718927863357749
0.999219999999958	12.656720196666356
0.999229999999958	12.587168794487297
0.9992399999999579	12.520870224585451
0.9992499999999579	12.494374995132603
0.9992599999999578	12.458664824791413
0.9992699999999578	12.35955712834948
0.9992799999999578	12.290439523303576
0.9992899999999577	12.17261393555782
0.9992999999999577	12.145540105439068
0.9993099999999576	12.082545650859174
0.9993199999999576	12.026333115265516
0.9993299999999575	11.955126082493734
0.9993399999999575	11.90413871544115
0.9993499999999574	11.782375179665905
0.9993599999999574	11.720375984177736
0.9993699999999573	11.654426236460495
0.9993799999999573	11.614454410095277
0.9993899999999573	11.594184285813753
0.9993999999999572	11.491905992703323
0.9994099999999572	11.439724569527243
0.9994199999999571	11.342777243551609
0.9994299999999571	11.249664980672605
0.999439999999957	11.14680539233268
0.999449999999957	11.031544265004413
0.9994599999999569	10.966948968956785
0.9994699999999569	10.909147849162764
0.9994799999999568	10.793184613432459
0.9994899999999568	10.649102652781949
0.9994999999999568	10.531864779755779
0.9995099999999567	10.43082779420547
0.9995199999999567	10.362631158512158
0.9995299999999566	10.27465717859377
0.9995399999999566	10.213499240966485
0.9995499999999565	10.097027063759015
0.9995599999999565	10.000034279113606
0.9995699999999564	9.868382853146613
0.9995799999999564	9.759513215783954
0.9995899999999563	9.668365144560084
0.9995999999999563	9.573829451499478
0.9996099999999563	9.479800576864363
0.9996199999999562	9.416910081225069
0.9996299999999562	9.288822296595754
0.9996399999999561	9.203137980828615
0.9996499999999561	9.072499652131228
0.999659999999956	8.905091419641394
0.999669999999956	8.749748776957858
0.9996799999999559	8.63590997857682
0.9996899999999559	8.503594842884922
0.9996999999999558	8.38027057601721
0.9997099999999558	8.236493231263012
0.9997199999999558	8.10047690225474
0.9997299999999557	7.9093329259048915
0.9997399999999557	7.733001064989367
0.9997499999999556	7.554778033067123
0.9997599999999556	7.380384211559431
0.9997699999999555	7.2445663245307514
0.9997799999999555	7.096108061610721
0.9997899999999554	6.94082478468772
0.9997999999999554	6.786616250290535
0.9998099999999553	6.572012660239125
0.9998199999999553	6.398459752235794
0.9998299999999553	6.136315419658786
0.9998399999999552	5.943650145214633
0.9998499999999552	5.732083176288143
0.9998599999999551	5.530851841842377
0.9998699999999551	5.319215111008816
0.999879999999955	5.05405190579404
0.999889999999955	4.758688661568158
0.9998999999999549	4.438486830316833
0.9999099999999549	4.15836964668415
0.9999199999999548	3.744720545506425
0.9999299999999548	3.3836401748667413
0.9999399999999548	2.9693517003142915
0.9999499999999547	2.569821780856728
0.9999599999999547	2.1692899548033893
0.9999699999999546	1.6655749029996514
0.9999799999999546	1.1382540103804786
0.9999899999999545	0.5858767685931525
0.9999999999999545	0.00802314583415864
1.0000099999999543	0
