0.0	16.055846958141046
0.01	16.025630477535742
0.02	15.964464420085278
0.03	15.908682138669974
0.04	15.864316952076479
0.05	15.823703736616153
0.06	15.79794624106944
0.07	15.784456007964764
0.08	15.74119178062756
0.09	15.716816840660613
0.1	15.686831598020945
0.11	15.674399854000512
0.12	15.665474318750057
0.13	15.655840802788589
0.14	15.638028763274633
0.15	15.620531644479343
0.16	15.58838279945121
0.17	15.582422828923882
0.18	15.582422828923882
0.19	15.564249265396938
0.2	15.54689059305747
0.21	15.535308655973495
0.22	15.51784089362991
0.23	15.494899457709835
0.24	15.485387103090034
0.25	15.484961550373555
0.26	15.471798449445487
0.27	15.464967769494251
0.28	15.444672046152846
0.29	15.427941059617297
0.3	15.417936019057379
0.31	15.404194732353062
0.32	15.399032565921516
0.33	15.3860302885696
0.34	15.377318859722436
0.35000000000000003	15.36701199008894
0.36	15.353850898722158
0.37	15.338206681579322
0.38	15.338206681579322
0.39	15.324682238202513
0.4	15.324682238202513
0.41000000000000003	15.316129804105003
0.42	15.292940004943375
0.43	15.272938335994695
0.44	15.264500486413453
0.45	15.255071815783595
0.46	15.242726088250492
0.47000000000000003	15.228927619969909
0.48	15.22478087221316
0.49	15.217459158953716
0.5	15.204721222380613
0.51	15.200642858380888
0.52	15.195440824678371
0.53	15.18979906414097
0.54	15.174553403467144
0.55	15.159091426361556
0.56	15.151283939205314
0.5700000000000001	15.140371647732536
0.58	15.121014601620118
0.59	15.112224286025594
0.6	15.112030427637364
0.61	15.112030427637364
0.62	15.098638098654192
0.63	15.08273475383794
0.64	15.070535784116146
0.65	15.056534226512667
0.66	15.056534226512667
0.67	15.027706459159162
0.68	15.01481969278575
0.6900000000000001	14.998908624716933
0.7000000000000001	14.983309677534635
0.71	14.96911469540828
0.72	14.953866552432373
0.73	14.940523747225598
0.74	14.931891084985182
0.75	14.910115489083182
0.76	14.896662865112376
0.77	14.891428887482107
0.78	14.87590248712695
0.79	14.849409997625116
0.8	14.812016174824748
0.81	14.801453945156027
0.8200000000000001	14.785858180302967
0.8300000000000001	14.763063703476291
0.84	14.730633778324773
0.85	14.707964478688154
0.86	14.673132864192667
0.87	14.635690408826122
0.88	14.605274620766068
0.89	14.600253579506898
0.9	14.542341284521171
0.91	14.497960505841547
0.92	14.45046577402718
0.93	14.402261974153589
0.9400000000000001	14.329857969549266
0.9500000000000001	14.22977166565579
0.96	14.122965925309472
0.97	13.975273190308144
0.98	13.762623488748432
0.99	13.273566593585201
0.99001	13.273566593585201
0.9900199999999999	13.273566593585201
0.9900299999999999	13.273566593585201
0.9900399999999998	13.273566593585201
0.9900499999999998	13.269315114879646
0.9900599999999997	13.267024898837917
0.9900699999999997	13.267024898837917
0.9900799999999996	13.267024898837917
0.9900899999999996	13.267024898837917
0.9900999999999995	13.267024898837917
0.9901099999999995	13.266261897277218
0.9901199999999994	13.266261897277218
0.9901299999999994	13.266261897277218
0.9901399999999994	13.266261897277218
0.9901499999999993	13.261642167572063
0.9901599999999993	13.25717448186515
0.9901699999999992	13.25717448186515
0.9901799999999992	13.249227607850116
0.9901899999999991	13.249227607850116
0.9901999999999991	13.249227607850116
0.990209999999999	13.244239792455119
0.990219999999999	13.23975413035987
0.9902299999999989	13.23975413035987
0.9902399999999989	13.23975413035987
0.9902499999999989	13.23975413035987
0.9902599999999988	13.23975413035987
0.9902699999999988	13.23975413035987
0.9902799999999987	13.23975413035987
0.9902899999999987	13.23975413035987
0.9902999999999986	13.23975413035987
0.9903099999999986	13.235680214356762
0.9903199999999985	13.235680214356762
0.9903299999999985	13.235680214356762
0.9903399999999984	13.235680214356762
0.9903499999999984	13.230377526715529
0.9903599999999984	13.230377526715529
0.9903699999999983	13.230377526715529
0.9903799999999983	13.22553373476876
0.9903899999999982	13.22553373476876
0.9903999999999982	13.22553373476876
0.9904099999999981	13.22553373476876
0.9904199999999981	13.22553373476876
0.990429999999998	13.220653019141537
0.990439999999998	13.220653019141537
0.9904499999999979	13.220653019141537
0.9904599999999979	13.220653019141537
0.9904699999999979	13.220653019141537
0.9904799999999978	13.220653019141537
0.9904899999999978	13.220653019141537
0.9904999999999977	13.220653019141537
0.9905099999999977	13.220653019141537
0.9905199999999976	13.220653019141537
0.9905299999999976	13.216083921253812
0.9905399999999975	13.216083921253812
0.9905499999999975	13.216083921253812
0.9905599999999974	13.216083921253812
0.9905699999999974	13.216083921253812
0.9905799999999974	13.213808966795114
0.9905899999999973	13.213808966795114
0.9905999999999973	13.213610485699974
0.9906099999999972	13.21172162323819
0.9906199999999972	13.21172162323819
0.9906299999999971	13.21172162323819
0.9906399999999971	13.20535058101268
0.990649999999997	13.20121245311202
0.990659999999997	13.196410790007576
0.9906699999999969	13.196410790007576
0.9906799999999969	13.196410790007576
0.9906899999999969	13.196410790007576
0.9906999999999968	13.196410790007576
0.9907099999999968	13.196410790007576
0.9907199999999967	13.19174128530176
0.9907299999999967	13.19174128530176
0.9907399999999966	13.187284895606354
0.9907499999999966	13.187284895606354
0.9907599999999965	13.183438335001483
0.9907699999999965	13.183438335001483
0.9907799999999964	13.183438335001483
0.9907899999999964	13.183438335001483
0.9907999999999964	13.183438335001483
0.9908099999999963	13.175136077139541
0.9908199999999963	13.175136077139541
0.9908299999999962	13.175136077139541
0.9908399999999962	13.175136077139541
0.9908499999999961	13.175136077139541
0.9908599999999961	13.171829338340103
0.990869999999996	13.171829338340103
0.990879999999996	13.171829338340103
0.9908899999999959	13.171829338340103
0.9908999999999959	13.171829338340103
0.9909099999999958	13.166796818995863
0.9909199999999958	13.166796818995863
0.9909299999999958	13.166796818995863
0.9909399999999957	13.166796818995863
0.9909499999999957	13.166796818995863
0.9909599999999956	13.161500466676443
0.9909699999999956	13.161363605491715
0.9909799999999955	13.161363605491715
0.9909899999999955	13.161363605491715
0.9909999999999954	13.161363605491715
0.9910099999999954	13.153206344775754
0.9910199999999953	13.153206344775754
0.9910299999999953	13.153206344775754
0.9910399999999953	13.148382498964565
0.9910499999999952	13.148382498964565
0.9910599999999952	13.148382498964565
0.9910699999999951	13.148382498964565
0.9910799999999951	13.148382498964565
0.991089999999995	13.148382498964565
0.991099999999995	13.148382498964565
0.9911099999999949	13.148382498964565
0.9911199999999949	13.148382498964565
0.9911299999999948	13.148382498964565
0.9911399999999948	13.148382498964565
0.9911499999999948	13.148382498964565
0.9911599999999947	13.148382498964565
0.9911699999999947	13.148382498964565
0.9911799999999946	13.148382498964565
0.9911899999999946	13.148382498964565
0.9911999999999945	13.148382498964565
0.9912099999999945	13.148382498964565
0.9912199999999944	13.148382498964565
0.9912299999999944	13.143428221892464
0.9912399999999943	13.143428221892464
0.9912499999999943	13.143428221892464
0.9912599999999943	13.138648620422828
0.9912699999999942	13.13372224903469
0.9912799999999942	13.13372224903469
0.9912899999999941	13.13372224903469
0.9912999999999941	13.13372224903469
0.991309999999994	13.13372224903469
0.991319999999994	13.129116669844734
0.9913299999999939	13.129116669844734
0.9913399999999939	13.125772649969804
0.9913499999999938	13.125772649969804
0.9913599999999938	13.125772649969804
0.9913699999999938	13.125772649969804
0.9913799999999937	13.125772649969804
0.9913899999999937	13.125772649969804
0.9913999999999936	13.125772649969804
0.9914099999999936	13.125772649969804
0.9914199999999935	13.12166250412156
0.9914299999999935	13.12166250412156
0.9914399999999934	13.116562357719886
0.9914499999999934	13.116562357719886
0.9914599999999933	13.116562357719886
0.9914699999999933	13.116562357719886
0.9914799999999933	13.116562357719886
0.9914899999999932	13.116562357719886
0.9914999999999932	13.111273229204016
0.9915099999999931	13.111273229204016
0.9915199999999931	13.106561061076718
0.991529999999993	13.106561061076718
0.991539999999993	13.106561061076718
0.9915499999999929	13.106561061076718
0.9915599999999929	13.106561061076718
0.9915699999999928	13.106561061076718
0.9915799999999928	13.106561061076718
0.9915899999999928	13.10542574730971
0.9915999999999927	13.10542574730971
0.9916099999999927	13.10542574730971
0.9916199999999926	13.10542574730971
0.9916299999999926	13.10542574730971
0.9916399999999925	13.10542574730971
0.9916499999999925	13.10542574730971
0.9916599999999924	13.10542574730971
0.9916699999999924	13.10542574730971
0.9916799999999923	13.10542574730971
0.9916899999999923	13.10542574730971
0.9916999999999923	13.10542574730971
0.9917099999999922	13.100503124960596
0.9917199999999922	13.100503124960596
0.9917299999999921	13.100503124960596
0.9917399999999921	13.100503124960596
0.991749999999992	13.100503124960596
0.991759999999992	13.100503124960596
0.9917699999999919	13.100503124960596
0.9917799999999919	13.100503124960596
0.9917899999999918	13.100503124960596
0.9917999999999918	13.100503124960596
0.9918099999999918	13.100503124960596
0.9918199999999917	13.100503124960596
0.9918299999999917	13.100503124960596
0.9918399999999916	13.100503124960596
0.9918499999999916	13.100503124960596
0.9918599999999915	13.100503124960596
0.9918699999999915	13.100503124960596
0.9918799999999914	13.100503124960596
0.9918899999999914	13.095541677170331
0.9918999999999913	13.095541677170331
0.9919099999999913	13.095541677170331
0.9919199999999913	13.095541677170331
0.9919299999999912	13.095541677170331
0.9919399999999912	13.095541677170331
0.9919499999999911	13.095541677170331
0.9919599999999911	13.095541677170331
0.991969999999991	13.095541677170331
0.991979999999991	13.08631236032852
0.9919899999999909	13.08631236032852
0.9919999999999909	13.08326852434584
0.9920099999999908	13.08326852434584
0.9920199999999908	13.08326852434584
0.9920299999999908	13.08326852434584
0.9920399999999907	13.08326852434584
0.9920499999999907	13.08326852434584
0.9920599999999906	13.08326852434584
0.9920699999999906	13.08326852434584
0.9920799999999905	13.08326852434584
0.9920899999999905	13.08326852434584
0.9920999999999904	13.08326852434584
0.9921099999999904	13.08326852434584
0.9921199999999903	13.08326852434584
0.9921299999999903	13.08326852434584
0.9921399999999903	13.08326852434584
0.9921499999999902	13.08326852434584
0.9921599999999902	13.0787690111556
0.9921699999999901	13.075462227187018
0.9921799999999901	13.0702850883481
0.99218999999999	13.067487197195078
0.99219999999999	13.067487197195078
0.9922099999999899	13.067487197195078
0.9922199999999899	13.067487197195078
0.9922299999999898	13.067487197195078
0.9922399999999898	13.062679233693416
0.9922499999999898	13.062679233693416
0.9922599999999897	13.062679233693416
0.9922699999999897	13.062679233693416
0.9922799999999896	13.062679233693416
0.9922899999999896	13.059837804141353
0.9922999999999895	13.059837804141353
0.9923099999999895	13.054903692996959
0.9923199999999894	13.054903692996959
0.9923299999999894	13.054903692996959
0.9923399999999893	13.054613986483673
0.9923499999999893	13.054613986483673
0.9923599999999893	13.050160363281975
0.9923699999999892	13.047184076358462
0.9923799999999892	13.044395100290785
0.9923899999999891	13.044395100290785
0.9923999999999891	13.044395100290785
0.992409999999989	13.03828952207732
0.992419999999989	13.03828952207732
0.9924299999999889	13.034821251198082
0.9924399999999889	13.034821251198082
0.9924499999999888	13.028478398127845
0.9924599999999888	13.028478398127845
0.9924699999999888	13.023189835856101
0.9924799999999887	13.023189835856101
0.9924899999999887	13.023189835856101
0.9924999999999886	13.017906426126501
0.9925099999999886	13.017906426126501
0.9925199999999885	13.017906426126501
0.9925299999999885	13.017906426126501
0.9925399999999884	13.017906426126501
0.9925499999999884	13.017906426126501
0.9925599999999883	13.013190204417697
0.9925699999999883	13.013190204417697
0.9925799999999882	13.013190204417697
0.9925899999999882	13.013190204417697
0.9925999999999882	13.013190204417697
0.9926099999999881	13.013190204417697
0.9926199999999881	13.013190204417697
0.992629999999988	13.013190204417697
0.992639999999988	13.013190204417697
0.9926499999999879	13.013190204417697
0.9926599999999879	13.013190204417697
0.9926699999999878	13.008025292912862
0.9926799999999878	13.003886119602612
0.9926899999999877	13.003886119602612
0.9926999999999877	13.003886119602612
0.9927099999999877	13.003886119602612
0.9927199999999876	13.003886119602612
0.9927299999999876	13.003886119602612
0.9927399999999875	13.003886119602612
0.9927499999999875	13.003886119602612
0.9927599999999874	13.003886119602612
0.9927699999999874	13.003886119602612
0.9927799999999873	12.99766193297728
0.9927899999999873	12.99766193297728
0.9927999999999872	12.99766193297728
0.9928099999999872	12.99766193297728
0.9928199999999872	12.99766193297728
0.9928299999999871	12.99766193297728
0.9928399999999871	12.99766193297728
0.992849999999987	12.99766193297728
0.992859999999987	12.99766193297728
0.9928699999999869	12.993150116084507
0.9928799999999869	12.989471903909362
0.9928899999999868	12.984543059859789
0.9928999999999868	12.984543059859789
0.9929099999999867	12.984543059859789
0.9929199999999867	12.984543059859789
0.9929299999999867	12.984543059859789
0.9929399999999866	12.984543059859789
0.9929499999999866	12.984543059859789
0.9929599999999865	12.984543059859789
0.9929699999999865	12.984543059859789
0.9929799999999864	12.981361022591955
0.9929899999999864	12.981361022591955
0.9929999999999863	12.981361022591955
0.9930099999999863	12.981361022591955
0.9930199999999862	12.975733202789343
0.9930299999999862	12.966556395311272
0.9930399999999862	12.966556395311272
0.9930499999999861	12.966556395311272
0.9930599999999861	12.966556395311272
0.993069999999986	12.966556395311272
0.993079999999986	12.966556395311272
0.9930899999999859	12.966556395311272
0.9930999999999859	12.954445987148574
0.9931099999999858	12.954445987148574
0.9931199999999858	12.954445987148574
0.9931299999999857	12.954445987148574
0.9931399999999857	12.954445987148574
0.9931499999999857	12.949799406453167
0.9931599999999856	12.949799406453167
0.9931699999999856	12.949799406453167
0.9931799999999855	12.949799406453167
0.9931899999999855	12.949799406453167
0.9931999999999854	12.949799406453167
0.9932099999999854	12.946332241286655
0.9932199999999853	12.946044665610316
0.9932299999999853	12.941361564991894
0.9932399999999852	12.941361564991894
0.9932499999999852	12.941361564991894
0.9932599999999852	12.936996204161915
0.9932699999999851	12.936996204161915
0.9932799999999851	12.934237817849862
0.993289999999985	12.929493120487678
0.993299999999985	12.929493120487678
0.9933099999999849	12.92250070938644
0.9933199999999849	12.92250070938644
0.9933299999999848	12.92250070938644
0.9933399999999848	12.918990687549012
0.9933499999999847	12.91419127347217
0.9933599999999847	12.91419127347217
0.9933699999999847	12.910503573681126
0.9933799999999846	12.905951116199503
0.9933899999999846	12.900789976842134
0.9933999999999845	12.900789976842134
0.9934099999999845	12.900789976842134
0.9934199999999844	12.900789976842134
0.9934299999999844	12.895620329096346
0.9934399999999843	12.891061262949734
0.9934499999999843	12.886538108135937
0.9934599999999842	12.886538108135937
0.9934699999999842	12.886538108135937
0.9934799999999842	12.87750395733201
0.9934899999999841	12.873663060157924
0.9934999999999841	12.873663060157924
0.993509999999984	12.8689399727391
0.993519999999984	12.864209219604163
0.9935299999999839	12.864209219604163
0.9935399999999839	12.85417490571308
0.9935499999999838	12.85417490571308
0.9935599999999838	12.85417490571308
0.9935699999999837	12.85417490571308
0.9935799999999837	12.84938837194386
0.9935899999999837	12.84938837194386
0.9935999999999836	12.84938837194386
0.9936099999999836	12.844178769149948
0.9936199999999835	12.840870759793688
0.9936299999999835	12.840870759793688
0.9936399999999834	12.840870759793688
0.9936499999999834	12.840870759793688
0.9936599999999833	12.840870759793688
0.9936699999999833	12.834508579568137
0.9936799999999832	12.834508579568137
0.9936899999999832	12.834508579568137
0.9936999999999832	12.829703889665325
0.9937099999999831	12.829703889665325
0.9937199999999831	12.829703889665325
0.993729999999983	12.829703889665325
0.993739999999983	12.829703889665325
0.9937499999999829	12.825608846609612
0.9937599999999829	12.825608846609612
0.9937699999999828	12.825608846609612
0.9937799999999828	12.825608846609612
0.9937899999999827	12.821411157836337
0.9937999999999827	12.821411157836337
0.9938099999999827	12.81604227551179
0.9938199999999826	12.81604227551179
0.9938299999999826	12.812839299551342
0.9938399999999825	12.812839299551342
0.9938499999999825	12.812839299551342
0.9938599999999824	12.808288641850595
0.9938699999999824	12.804788021481727
0.9938799999999823	12.799318748637234
0.9938899999999823	12.799318748637234
0.9938999999999822	12.799318748637234
0.9939099999999822	12.799318748637234
0.9939199999999822	12.794019404444043
0.9939299999999821	12.794019404444043
0.9939399999999821	12.794019404444043
0.993949999999982	12.794019404444043
0.993959999999982	12.7888443396605
0.9939699999999819	12.784240917879288
0.9939799999999819	12.784240917879288
0.9939899999999818	12.780648809037302
0.9939999999999818	12.775702626089696
0.9940099999999817	12.775702626089696
0.9940199999999817	12.766709881014322
0.9940299999999817	12.76220013398597
0.9940399999999816	12.76220013398597
0.9940499999999816	12.76220013398597
0.9940599999999815	12.76220013398597
0.9940699999999815	12.757854232675527
0.9940799999999814	12.749003212078605
0.9940899999999814	12.749003212078605
0.9940999999999813	12.749003212078605
0.9941099999999813	12.745081656723414
0.9941199999999812	12.745081656723414
0.9941299999999812	12.740129399689977
0.9941399999999811	12.740129399689977
0.9941499999999811	12.733534122462515
0.9941599999999811	12.729461758042817
0.994169999999981	12.729461758042817
0.994179999999981	12.720711977812243
0.9941899999999809	12.710469370178544
0.9941999999999809	12.710469370178544
0.9942099999999808	12.710469370178544
0.9942199999999808	12.706803574628793
0.9942299999999807	12.706803574628793
0.9942399999999807	12.706803574628793
0.9942499999999806	12.702208326134496
0.9942599999999806	12.698957658309155
0.9942699999999806	12.698957658309155
0.9942799999999805	12.69437191722136
0.9942899999999805	12.69437191722136
0.9942999999999804	12.69437191722136
0.9943099999999804	12.69437191722136
0.9943199999999803	12.68940090335127
0.9943299999999803	12.68940090335127
0.9943399999999802	12.68940090335127
0.9943499999999802	12.684978518105709
0.9943599999999801	12.684978518105709
0.9943699999999801	12.684978518105709
0.9943799999999801	12.684978518105709
0.99438999999998	12.684978518105709
0.99439999999998	12.677466921910309
0.9944099999999799	12.677466921910309
0.9944199999999799	12.677466921910309
0.9944299999999798	12.677466921910309
0.9944399999999798	12.664665281708949
0.9944499999999797	12.654293331253939
0.9944599999999797	12.654094296458425
0.9944699999999796	12.654094296458425
0.9944799999999796	12.654094296458425
0.9944899999999796	12.654094296458425
0.9944999999999795	12.654094296458425
0.9945099999999795	12.651042333056466
0.9945199999999794	12.650725643392434
0.9945299999999794	12.64744534134843
0.9945399999999793	12.637412173449775
0.9945499999999793	12.637412173449775
0.9945599999999792	12.627925317045083
0.9945699999999792	12.621103130755728
0.9945799999999791	12.621103130755728
0.9945899999999791	12.621103130755728
0.9945999999999791	12.621103130755728
0.994609999999979	12.621103130755728
0.994619999999979	12.621103130755728
0.9946299999999789	12.614600402079304
0.9946399999999789	12.614600402079304
0.9946499999999788	12.610150364003857
0.9946599999999788	12.605937843947686
0.9946699999999787	12.591377811311759
0.9946799999999787	12.587310470911689
0.9946899999999786	12.587310470911689
0.9946999999999786	12.587310470911689
0.9947099999999786	12.587310470911689
0.9947199999999785	12.587310470911689
0.9947299999999785	12.587310470911689
0.9947399999999784	12.587310470911689
0.9947499999999784	12.584768113427344
0.9947599999999783	12.580154806122664
0.9947699999999783	12.575359320946518
0.9947799999999782	12.56758869251098
0.9947899999999782	12.554006610511351
0.9947999999999781	12.543939272853095
0.9948099999999781	12.540508293061066
0.994819999999978	12.539733524763506
0.994829999999978	12.534316195038627
0.994839999999978	12.529758805738311
0.9948499999999779	12.525090943419855
0.9948599999999779	12.525090943419855
0.9948699999999778	12.520623754107874
0.9948799999999778	12.517323417219814
0.9948899999999777	12.513321620508577
0.9948999999999777	12.513321620508577
0.9949099999999776	12.508577360402342
0.9949199999999776	12.505263726556223
0.9949299999999776	12.505263726556223
0.9949399999999775	12.505263726556223
0.9949499999999775	12.501153189552497
0.9949599999999774	12.49661114146329
0.9949699999999774	12.483283965479131
0.9949799999999773	12.479591252378668
0.9949899999999773	12.479591252378668
0.9949999999999772	12.47735997741438
0.9950099999999772	12.46838559569187
0.9950199999999771	12.46838559569187
0.9950299999999771	12.463270134156119
0.995039999999977	12.459645043223645
0.995049999999977	12.455520331955995
0.995059999999977	12.455520331955995
0.9950699999999769	12.455520331955995
0.9950799999999769	12.455520331955995
0.9950899999999768	12.455520331955995
0.9950999999999768	12.451811958200778
0.9951099999999767	12.442519870217438
0.9951199999999767	12.442519870217438
0.9951299999999766	12.436231867506649
0.9951399999999766	12.432045754607316
0.9951499999999766	12.431910906519988
0.9951599999999765	12.431910906519988
0.9951699999999765	12.426967084009448
0.9951799999999764	12.422016203936437
0.9951899999999764	12.422016203936437
0.9951999999999763	12.422016203936437
0.9952099999999763	12.422016203936437
0.9952199999999762	12.41420148063662
0.9952299999999762	12.41420148063662
0.9952399999999761	12.405124599879855
0.9952499999999761	12.398987465838218
0.995259999999976	12.394054581711316
0.995269999999976	12.38862571709069
0.995279999999976	12.38862571709069
0.9952899999999759	12.38862571709069
0.9952999999999759	12.38862571709069
0.9953099999999758	12.38862571709069
0.9953199999999758	12.38862571709069
0.9953299999999757	12.380208041353399
0.9953399999999757	12.380208041353399
0.9953499999999756	12.380208041353399
0.9953599999999756	12.380208041353399
0.9953699999999756	12.375615296719843
0.9953799999999755	12.37144306742448
0.9953899999999755	12.36774600388344
0.9953999999999754	12.362764696104932
0.9954099999999754	12.349723562345389
0.9954199999999753	12.349723562345389
0.9954299999999753	12.348949690271183
0.9954399999999752	12.345449503432974
0.9954499999999752	12.340131487153485
0.9954599999999751	12.332045064695194
0.9954699999999751	12.332045064695194
0.995479999999975	12.32709318903835
0.995489999999975	12.318243880212322
0.995499999999975	12.314876016849666
0.9955099999999749	12.30997138951534
0.9955199999999749	12.30518615820074
0.9955299999999748	12.30159875346908
0.9955399999999748	12.292303395553972
0.9955499999999747	12.292303395553972
0.9955599999999747	12.292303395553972
0.9955699999999746	12.287173115264522
0.9955799999999746	12.277884143020856
0.9955899999999746	12.277884143020856
0.9955999999999745	12.272808022878962
0.9956099999999745	12.272808022878962
0.9956199999999744	12.258890493854778
0.9956299999999744	12.258890493854778
0.9956399999999743	12.258890493854778
0.9956499999999743	12.258890493854778
0.9956599999999742	12.258890493854778
0.9956699999999742	12.258890493854778
0.9956799999999741	12.258890493854778
0.9956899999999741	12.247741044580835
0.995699999999974	12.23859188667302
0.995709999999974	12.235153123818236
0.995719999999974	12.229721257544952
0.9957299999999739	12.22156586343226
0.9957399999999739	12.216337459010902
0.9957499999999738	12.208992999128895
0.9957599999999738	12.199644248548793
0.9957699999999737	12.189589387353408
0.9957799999999737	12.188494370284388
0.9957899999999736	12.181256687932546
0.9957999999999736	12.17894920726576
0.9958099999999735	12.174249370780672
0.9958199999999735	12.174249370780672
0.9958299999999735	12.169772995834137
0.9958399999999734	12.16526461365902
0.9958499999999734	12.155115424620817
0.9958599999999733	12.136568552314202
0.9958699999999733	12.131791566464017
0.9958799999999732	12.123054711264558
0.9958899999999732	12.123054711264558
0.9958999999999731	12.118471952737309
0.9959099999999731	12.108988191583194
0.995919999999973	12.104204231058247
0.995929999999973	12.104204231058247
0.995939999999973	12.098981974297203
0.9959499999999729	12.098981974297203
0.9959599999999729	12.098981974297203
0.9959699999999728	12.098981974297203
0.9959799999999728	12.094943119795062
0.9959899999999727	12.089926725369878
0.9959999999999727	12.089926725369878
0.9960099999999726	12.085491150734015
0.9960199999999726	12.085491150734015
0.9960299999999725	12.085491150734015
0.9960399999999725	12.068101094220765
0.9960499999999725	12.063007422955707
0.9960599999999724	12.062219943851233
0.9960699999999724	12.062219943851233
0.9960799999999723	12.059372631832957
0.9960899999999723	12.059372631832957
0.9960999999999722	12.057074571494013
0.9961099999999722	12.057074571494013
0.9961199999999721	12.057074571494013
0.9961299999999721	12.048386772628874
0.996139999999972	12.043806843925267
0.996149999999972	12.034840049687773
0.996159999999972	12.034840049687773
0.9961699999999719	12.034840049687773
0.9961799999999719	12.030501951725455
0.9961899999999718	12.030501951725455
0.9961999999999718	12.030501951725455
0.9962099999999717	12.030501951725455
0.9962199999999717	12.01764671204728
0.9962299999999716	12.004697829048382
0.9962399999999716	12.000221311609494
0.9962499999999715	11.995278009242611
0.9962599999999715	11.995278009242611
0.9962699999999715	11.995278009242611
0.9962799999999714	11.995278009242611
0.9962899999999714	11.992037738469662
0.9962999999999713	11.992037738469662
0.9963099999999713	11.991450945293764
0.9963199999999712	11.982365277042845
0.9963299999999712	11.979039187455783
0.9963399999999711	11.974717144767055
0.9963499999999711	11.974717144767055
0.996359999999971	11.971623859513784
0.996369999999971	11.968396223528543
0.996379999999971	11.965115656523267
0.9963899999999709	11.965115656523267
0.9963999999999709	11.965115656523267
0.9964099999999708	11.95587828513817
0.9964199999999708	11.94674240463064
0.9964299999999707	11.94217444062815
0.9964399999999707	11.934718967560912
0.9964499999999706	11.93058890584507
0.9964599999999706	11.93058890584507
0.9964699999999705	11.93058890584507
0.9964799999999705	11.93058890584507
0.9964899999999705	11.93058890584507
0.9964999999999704	11.93058890584507
0.9965099999999704	11.9294804064848
0.9965199999999703	11.9294804064848
0.9965299999999703	11.925863035983639
0.9965399999999702	11.907405917561846
0.9965499999999702	11.907405917561846
0.9965599999999701	11.898297537612962
0.9965699999999701	11.894109254266368
0.99657999999997	11.894109254266368
0.99658999999997	11.894109254266368
0.99659999999997	11.894109254266368
0.9966099999999699	11.889495447772788
0.9966199999999699	11.885020435816841
0.9966299999999698	11.870462956867414
0.9966399999999698	11.865561466227518
0.9966499999999697	11.858156618458452
0.9966599999999697	11.858156618458452
0.9966699999999696	11.85146740989876
0.9966799999999696	11.844760935782688
0.9966899999999695	11.844760935782688
0.9966999999999695	11.831517462414922
0.9967099999999695	11.826189874933334
0.9967199999999694	11.81265034180251
0.9967299999999694	11.803847539966227
0.9967399999999693	11.803847539966227
0.9967499999999693	11.799042130151065
0.9967599999999692	11.795020119083347
0.9967699999999692	11.784917281445814
0.9967799999999691	11.77500204599346
0.9967899999999691	11.774704423063667
0.996799999999969	11.764898858295055
0.996809999999969	11.764898858295055
0.996819999999969	11.754448075109394
0.9968299999999689	11.754448075109394
0.9968399999999689	11.750989456224488
0.9968499999999688	11.746117761387723
0.9968599999999688	11.741708994406508
0.9968699999999687	11.738157935702475
0.9968799999999687	11.733520141599001
0.9968899999999686	11.733520141599001
0.9968999999999686	11.733228775352472
0.9969099999999685	11.723737630207324
0.9969199999999685	11.719378433801467
0.9969299999999685	11.712754393840441
0.9969399999999684	11.709688822113094
0.9969499999999684	11.702298309115577
0.9969599999999683	11.694041705384734
0.9969699999999683	11.687591433685157
0.9969799999999682	11.682829294513795
0.9969899999999682	11.67352710365958
0.9969999999999681	11.67352710365958
0.9970099999999681	11.67352710365958
0.997019999999968	11.664160800908576
0.997029999999968	11.664160800908576
0.997039999999968	11.655921417332138
0.9970499999999679	11.650996389376814
0.9970599999999679	11.647378943904187
0.9970699999999678	11.633929649877246
0.9970799999999678	11.633929649877246
0.9970899999999677	11.633929649877246
0.9970999999999677	11.629485916389967
0.9971099999999676	11.617614897011663
0.9971199999999676	11.614808757367427
0.9971299999999675	11.610640422950382
0.9971399999999675	11.610447925049812
0.9971499999999675	11.603820931632072
0.9971599999999674	11.595795786008239
0.9971699999999674	11.587025749497116
0.9971799999999673	11.57871368387714
0.9971899999999673	11.57038577948697
0.9971999999999672	11.562827640678734
0.9972099999999672	11.558278057258576
0.9972199999999671	11.550362617941573
0.9972299999999671	11.547088958788663
0.997239999999967	11.547088958788663
0.997249999999967	11.547088958788663
0.997259999999967	11.535743135493249
0.9972699999999669	11.530552958603948
0.9972799999999669	11.526355664245784
0.9972899999999668	11.51434331247583
0.9972999999999668	11.507494868244976
0.9973099999999667	11.499571613734588
0.9973199999999667	11.495917753316462
0.9973299999999666	11.491424116306007
0.9973399999999666	11.486186409369111
0.9973499999999665	11.477486972231418
0.9973599999999665	11.476402943371795
0.9973699999999665	11.476402943371795
0.9973799999999664	11.467009133542888
0.9973899999999664	11.460574305965565
0.9973999999999663	11.452122093993239
0.9974099999999663	11.446678189124214
0.9974199999999662	11.438575545995263
0.9974299999999662	11.427929600205971
0.9974399999999661	11.423050474812044
0.9974499999999661	11.41838945026393
0.997459999999966	11.41838945026393
0.997469999999966	11.410102576686768
0.997479999999966	11.410102576686768
0.9974899999999659	11.405095380934654
0.9974999999999659	11.405095380934654
0.9975099999999658	11.398753331712214
0.9975199999999658	11.390166895434959
0.9975299999999657	11.385547378537012
0.9975399999999657	11.377284859510837
0.9975499999999656	11.375501605769387
0.9975599999999656	11.375501605769387
0.9975699999999655	11.366486183920642
0.9975799999999655	11.361584634141764
0.9975899999999654	11.345459011005005
0.9975999999999654	11.34227165239281
0.9976099999999654	11.33226805445156
0.9976199999999653	11.33226805445156
0.9976299999999653	11.321411712415284
0.9976399999999652	11.321411712415284
0.9976499999999652	11.31653609345085
0.9976599999999651	11.313553985528415
0.9976699999999651	11.299533346522367
0.997679999999965	11.29176620565704
0.997689999999965	11.271789994876599
0.997699999999965	11.268332994397497
0.9977099999999649	11.259786677866941
0.9977199999999649	11.259786677866941
0.9977299999999648	11.251904128672322
0.9977399999999648	11.243512673390796
0.9977499999999647	11.233687997882953
0.9977599999999647	11.229224567854544
0.9977699999999646	11.229224567854544
0.9977799999999646	11.219409981596982
0.9977899999999645	11.205687085021054
0.9977999999999645	11.196190305839991
0.9978099999999644	11.180934944160981
0.9978199999999644	11.176033257477684
0.9978299999999644	11.165630185016198
0.9978399999999643	11.161181406554533
0.9978499999999643	11.151648909290088
0.9978599999999642	11.151648909290088
0.9978699999999642	11.140791002399055
0.9978799999999641	11.13838442901033
0.9978899999999641	11.125476159591926
0.997899999999964	11.12229736984591
0.997909999999964	11.117570840724511
0.997919999999964	11.113170690805418
0.9979299999999639	11.101868279249175
0.9979399999999639	11.097791489184601
0.9979499999999638	11.09750055076438
0.9979599999999638	11.086081787914736
0.9979699999999637	11.071298020862741
0.9979799999999637	11.066739749599947
0.9979899999999636	11.063238638991606
0.9979999999999636	11.043831595758093
0.9980099999999635	11.022442172354204
0.9980199999999635	11.010580452930299
0.9980299999999634	11.007603837249917
0.9980399999999634	11.007603837249917
0.9980499999999634	10.999287681494025
0.9980599999999633	10.981722043201444
0.9980699999999633	10.971663880933193
0.9980799999999632	10.946309748935164
0.9980899999999632	10.941044132589013
0.9980999999999631	10.93340381643793
0.9981099999999631	10.91491897906235
0.998119999999963	10.900496081347228
0.998129999999963	10.882049283376546
0.998139999999963	10.869233581834123
0.9981499999999629	10.860253225648194
0.9981599999999629	10.850585115709691
0.9981699999999628	10.840619686627178
0.9981799999999628	10.827849749577581
0.9981899999999627	10.816095064721594
0.9981999999999627	10.810676917295496
0.9982099999999626	10.80720350737829
0.9982199999999626	10.798910790217633
0.9982299999999625	10.79397072512802
0.9982399999999625	10.776262612176652
0.9982499999999624	10.76649543952226
0.9982599999999624	10.760130374990695
0.9982699999999624	10.74162424851238
0.9982799999999623	10.736801889557682
0.9982899999999623	10.736801889557682
0.9982999999999622	10.721048062732734
0.9983099999999622	10.712040551537939
0.9983199999999621	10.70739991969458
0.9983299999999621	10.694152077958279
0.998339999999962	10.688277378045314
0.998349999999962	10.676417262126051
0.998359999999962	10.66780361050769
0.9983699999999619	10.654476284813427
0.9983799999999619	10.648627815600776
0.9983899999999618	10.648627815600776
0.9983999999999618	10.638302538376593
0.9984099999999617	10.631840528752946
0.9984199999999617	10.612737180264958
0.9984299999999616	10.587571634277992
0.9984399999999616	10.580887603406154
0.9984499999999615	10.567563699019956
0.9984599999999615	10.553589163515426
0.9984699999999614	10.533471272494353
0.9984799999999614	10.526558897625364
0.9984899999999614	10.517388438973285
0.9984999999999613	10.496920820973173
0.9985099999999613	10.496920820973173
0.9985199999999612	10.487146086066787
0.9985299999999612	10.474503898301919
0.9985399999999611	10.454414637999434
0.9985499999999611	10.445019185783167
0.998559999999961	10.413589298033912
0.998569999999961	10.399383965188463
0.9985799999999609	10.389232430847187
0.9985899999999609	10.387382055232592
0.9985999999999609	10.382704148134508
0.9986099999999608	10.377459946619638
0.9986199999999608	10.359675903171592
0.9986299999999607	10.355091376994096
0.9986399999999607	10.33280220710003
0.9986499999999606	10.312737673411903
0.9986599999999606	10.295976110624906
0.9986699999999605	10.273656209355977
0.9986799999999605	10.256565059891727
0.9986899999999604	10.232544537757349
0.9986999999999604	10.227195978288364
0.9987099999999604	10.222397142213595
0.9987199999999603	10.212580620900553
0.9987299999999603	10.211984683708579
0.9987399999999602	10.188704566455272
0.9987499999999602	10.180452760898334
0.9987599999999601	10.174711296873284
0.9987699999999601	10.16957105792244
0.99877999999996	10.162882976961555
0.99878999999996	10.14745592608233
0.9987999999999599	10.144411836314248
0.9988099999999599	10.12725971385953
0.9988199999999599	10.101050844939891
0.9988299999999598	10.101050844939891
0.9988399999999598	10.088867990591098
0.9988499999999597	10.076599956781138
0.9988599999999597	10.0621242474881
0.9988699999999596	10.048812474415172
0.9988799999999596	10.034648786589969
0.9988899999999595	10.030093006615061
0.9988999999999595	10.019949842535425
0.9989099999999594	10.005699502129573
0.9989199999999594	9.998607312387321
0.9989299999999594	9.961265029734932
0.9989399999999593	9.947823730180971
0.9989499999999593	9.920149719226174
0.9989599999999592	9.9067865308607
0.9989699999999592	9.906468031636905
0.9989799999999591	9.893104030692484
0.9989899999999591	9.87963331741048
0.998999999999959	9.867527009861078
0.999009999999959	9.855591878935229
0.9990199999999589	9.84702051820932
0.9990299999999589	9.831091894826386
0.9990399999999588	9.791346910235006
0.9990499999999588	9.776608853891958
0.9990599999999588	9.750685830622388
0.9990699999999587	9.720626117683423
0.9990799999999587	9.692927332616819
0.9990899999999586	9.660127084913256
0.9990999999999586	9.64182396580145
0.9991099999999585	9.62861344099656
0.9991199999999585	9.616859913316148
0.9991299999999584	9.595347383736225
0.9991399999999584	9.563339846186864
0.9991499999999583	9.534905739514215
0.9991599999999583	9.512939009269758
0.9991699999999583	9.489048118390201
0.9991799999999582	9.466023574037536
0.9991899999999582	9.430115050556196
0.9991999999999581	9.419574585896044
0.9992099999999581	9.378944925767428
0.999219999999958	9.364398992889619
0.999229999999958	9.333774005215673
0.9992399999999579	9.306267541156558
0.9992499999999579	9.289006608327327
0.9992599999999578	9.273847108262999
0.9992699999999578	9.248559546213073
0.9992799999999578	9.231002164560778
0.9992899999999577	9.199845288727374
0.9992999999999577	9.185582818368857
0.9993099999999576	9.15796730681177
0.9993199999999576	9.147991349127551
0.9993299999999575	9.13120449208509
0.9993399999999575	9.10792009456054
0.9993499999999574	9.076999721284665
0.9993599999999574	9.028554715043356
0.9993699999999573	9.018869813824494
0.9993799999999573	9.005297736266584
0.9993899999999573	8.973607652822466
0.9993999999999572	8.948006314460144
0.9994099999999572	8.910000049976588
0.9994199999999571	8.898072810379745
0.9994299999999571	8.867141312455715
0.999439999999957	8.860934004622322
0.999449999999957	8.83079169264056
0.9994599999999569	8.802482714103462
0.9994699999999569	8.76268395354964
0.9994799999999568	8.749824234908374
0.9994899999999568	8.721123243600232
0.9994999999999568	8.687638004694236
0.9995099999999567	8.640939718350637
0.9995199999999567	8.600891039523049
0.9995299999999566	8.570585486295386
0.9995399999999566	8.516449086882858
0.9995499999999565	8.461758928175186
0.9995599999999565	8.437823945458149
0.9995699999999564	8.40141026586025
0.9995799999999564	8.351418964846744
0.9995899999999563	8.318245768712586
0.9995999999999563	8.26226253835739
0.9996099999999563	8.21460667426254
0.9996199999999562	8.164113086289944
0.9996299999999562	8.102435617378433
0.9996399999999561	8.05800706415721
0.9996499999999561	8.000138147732287
0.999659999999956	7.964690718914426
0.999669999999956	7.899273296990941
0.9996799999999559	7.844493093272831
0.9996899999999559	7.8078844978717825
0.9996999999999558	7.733515054414966
0.9997099999999558	7.691651779683525
0.9997199999999558	7.6312050132310105
0.9997299999999557	7.56530753707375
0.9997399999999557	7.490844027373896
0.9997499999999556	7.4585144980464975
0.9997599999999556	7.396788255742649
0.9997699999999555	7.338259242207641
0.9997799999999555	7.212715576681148
0.9997899999999554	7.127556585664934
0.9997999999999554	7.029478584083336
0.9998099999999553	6.955850677188209
0.9998199999999553	6.8626616175461095
0.9998299999999553	6.761125524611998
0.9998399999999552	6.679513377701369
0.9998499999999552	6.529248047747387
0.9998599999999551	6.37417890721008
0.9998699999999551	6.285827207395414
0.999879999999955	6.068122291131658
0.999889999999955	5.91795798127896
0.9998999999999549	5.732691305698609
0.9999099999999549	5.494386822809247
0.9999199999999548	5.324722693670992
0.9999299999999548	4.99657050267524
0.9999399999999548	4.726459201227044
0.9999499999999547	4.414987523114178
0.9999599999999547	4.012896887901661
0.9999699999999546	3.555522253003801
0.9999799999999546	2.954671899877212
0.9999899999999545	2.0501117609237554
0.9999999999999545	0.05457487394596683
1.0000099999999543	0
